6.0554111052 -23.0954525137 -14.8771123243 -9.60692495937 -10.5555261948 -6.63729558912 -4.57121258006 -24.2272464699 -3.97096609555 -11.4057723369 -14.7109440986 -6.89194075674 13.2777214502 
6.75756105447 -21.3498495617 -17.6600548738 -11.3896734097 -15.0984880854 -26.4027252127 -26.3106941871 -25.8075736219 -18.0856687285 -26.96828089 -18.7084773129 -20.5558581726 -18.9010687928 
6.91592346835 -22.5446882412 -12.8217074643 -11.2296353849 -5.79020385799 -13.6454811037 -10.3592096482 -24.1749995646 -20.9400080549 -21.0321656172 -10.2867255546 -7.00168963821 -2.87966861284 
6.87337258268 -17.743729916 -8.67168842179 -9.16992142745 1.15551135787 -4.95358802064 -0.452379508662 -14.3183539676 -4.03625314295 -8.86133927174 -6.82921150974 -6.55801777082 -13.676734433 
6.74773503514 -19.567512404 -8.46204505951 -9.48048357655 -4.14945901163 -9.75500078061 3.26144297208 -4.64520169525 -1.79550337398 -3.83162806251 -1.32645288992 -0.846624496042 1.62380625142 
6.91810770295 -19.756572919 -5.26450004073 -6.46300823648 -0.0436329707061 -9.14845550288 2.22945762018 -15.8006610525 -8.12507591751 -11.7786279796 -7.33084433499 1.40893640951 9.43505384429 
6.65617342122 -25.0223720633 -13.4555018314 -9.70366194208 -4.77382693926 -17.3334263746 -9.76558916645 -15.0432724228 -7.60696580948 -13.3193451682 -16.9761548198 -10.970400539 4.61742634106 
6.59006169655 -19.5946477238 -10.939931782 -8.88547549023 -6.79728692238 -9.37311831721 -2.65159273229 -2.35212954497 0.621122854452 -5.79327751561 -1.25653445404 -1.10386690535 0.387434699635 
6.74508061884 -19.7366301988 -11.9677712007 -5.27912430236 -0.961763369011 -7.40094884767 2.97511693771 -0.959891942083 5.98011246082 2.09013234432 2.54632198715 3.73137359858 -2.96432699917 
6.63040613874 -18.5475659212 -7.00553210948 -3.32782319865 1.68009928687 -0.746171353744 9.37294413038 -5.85661483802 -11.9317582024 -10.4834743984 -9.19847044995 -5.0833648181 -2.54462936579 
6.50634141161 -18.6657512659 -10.4510675086 -10.3206927625 -9.13083635801 -4.85032688347 -4.68640560642 -7.00436393885 -3.09619515503 -5.04069256416 -1.83420002868 3.44060082765 7.65425708984 
6.47543499214 -18.8409650249 -8.93020602573 -0.898912276451 -0.133586190273 -8.31564634729 -6.33685142379 -7.60138093525 -4.47169699579 5.7094993997 6.0288327946 4.69731101323 -0.966879721528 
6.49757701694 -19.822612968 -10.4857856022 -8.46838372908 -5.08666099978 -6.49597862462 -7.72646133536 -18.320617869 -13.058997935 -5.48387086006 -3.01737665588 -6.24223894343 -10.6074057355 
6.73466217621 -20.8576347604 -12.3121450141 -1.99115794788 3.26493354462 -0.498488806887 2.56248543062 -1.59197582225 -5.53016547986 1.67385435335 10.5730493639 10.8437718612 6.57491894926 
7.01459627136 -18.0136870946 -13.4484658755 -6.01465958226 -4.4286914351 -4.67425417714 0.0912577551384 -7.1182111742 -14.3482797598 -5.21588694333 -0.316333682434 -2.45582919356 1.36500958895 
7.11740683773 -21.1040089948 -17.5464799862 -8.31099266286 -1.13830193919 -4.1243509002 -6.95857981194 -2.8657236477 -2.77768113495 -6.09046969782 -4.80592848747 -8.39896005702 -10.4690277211 
7.14699074762 -19.8841685075 -11.6239683229 -6.05199300594 -3.19455101401 -2.31332245831 -1.30905312209 -8.9741484575 -0.132226928463 3.44761406973 1.33842631452 -1.73147477378 7.43779818793 
7.3443065723 -17.7506760121 -14.3996488833 -7.26325210433 -4.99773099257 -7.40508200099 -8.64999693163 -13.1597920924 -15.6192879449 -17.6215372599 -13.9481261193 -6.92869478724 -3.74498402727 
7.42370133247 -18.512681236 -13.8344783721 -5.00430004317 2.14915520697 0.27351636734 -0.813024220819 -4.39619245911 1.96269219127 5.01502238722 2.58338254421 3.89966820268 0.982566634737 
7.44835194642 -15.8054573153 -11.2734670784 -7.00334366161 -9.42356908532 -5.15822096736 0.0434872950851 -8.61646332111 -9.7792296733 -8.44446515858 -8.27617380597 -3.14660782935 -5.27969090716 
7.51413494571 -18.8404068887 -17.0451061676 -10.7041552137 -10.1814889844 -3.64457173355 -3.01807561468 -6.71672000609 -8.30293568535 -11.2711967242 -11.5562168891 -5.80047509797 -1.90888278128 
7.71556308475 -18.510319946 -18.1953400555 -12.5784764684 -14.9110166053 -13.5653296147 -12.7209705468 -10.1505734282 -8.30077886607 -9.95706953633 -3.31303407259 3.05614479423 9.40608290112 
7.779310222 -19.3133413468 -16.8153163209 -7.58548852492 -6.88917320823 -10.0211527561 -11.2454916317 -15.0466708284 -17.2033536569 -10.8902718768 -10.4385158639 -12.8724936528 -8.97005128066 
7.59077056911 -16.2332447664 -10.4587840393 -4.82920568625 -2.76193345142 -2.76006550899 -1.33801827447 -6.49184241366 -0.78804159045 4.06312500485 1.30656752121 -7.02120846429 -9.37903519172 
7.73503797696 -17.3595205148 -14.5220344186 -5.88336397085 -8.53898680932 -14.8423174073 -18.737871882 -22.8476755106 -17.126932581 -18.0683144203 -9.62880959732 -0.961847975319 -5.92440858933 
7.72023183459 -18.503456398 -15.5597953722 -5.22781530109 -7.54647397293 -4.75920855033 -3.97648193856 -7.82472701482 -12.3321627641 -15.5418556502 -4.66856630047 16.6992281003 14.6389321316 
7.62241753081 -19.4305748117 -16.806104959 -9.68108273933 -8.18970114664 3.66502755592 9.7018204587 5.62219132136 6.44059551507 -3.27396267855 -5.40348783057 -2.57610679451 -4.26669738502 
7.67900851186 -17.6303083506 -14.0133064552 -6.96487789225 -3.93006004912 -6.00933574212 -0.225201060798 1.01320956056 0.608768103389 -4.75063812782 -0.771277482638 -0.197696915046 -6.31042656694 
7.77691494442 -15.527540841 -12.2674567431 -6.15347058512 -9.58139310689 -3.23043578372 4.10690855869 -0.593995880593 -5.77852673939 -4.57642207086 4.20591562556 -4.59408112837 -4.10290294567 
7.88838044896 -17.2308280592 -8.66494551488 -1.98207423997 5.05881905647 -1.31471132086 -1.51085104887 -8.02842238999 -2.15454028332 -8.18874337651 -6.25486330753 -8.44039957526 -5.96069259582 
7.69545022529 -15.1738054642 -8.95942281097 -3.11848115892 -6.35861268909 -0.678337551156 1.98614116869 -1.19506200664 -4.02313598519 -4.09746629346 -0.522295320441 8.53991953297 7.88361019402 
7.83309069488 -15.0912263139 -11.1309506702 -7.46199951148 -6.27814732739 -11.7424187653 -6.22357376007 -14.362341934 -8.98714009352 -5.38592879214 -2.49719557098 2.29880707772 -3.95677450386 
7.75769149313 -16.8760816484 -13.3211127326 -5.90288112064 -7.66245347563 -9.03623430796 -9.16690304409 -15.3435999545 -3.46825565658 2.47867014219 -1.75588902183 -2.13097367309 -12.0953603869 
7.76431583018 -20.7068711252 -18.8478805578 -11.5930790682 -11.5387327692 -12.826931118 -17.2891772421 -15.7617488923 -3.46263974991 -12.3964058631 -21.7891227109 -19.4070644905 -12.5310079507 
7.87444923592 -15.2493179918 -12.5291209967 -6.27642224075 -7.20253376744 -7.030724132 -7.0684209017 -10.3335515471 -5.55481327821 -10.603789719 -9.03611112646 -3.7978249047 -9.94528124665 
7.73615096374 -16.655082995 -10.4373269153 -4.07017669456 -5.89527879359 3.62550492501 0.927859103485 -6.50182826487 -16.1503691426 -12.1702790242 -8.10703645485 -4.89599630982 -6.58818078271 
7.80311444112 -13.8827709493 -9.67487274698 3.11051334945 -1.49253291575 2.96583773167 -4.16163478305 0.532797596494 0.940987760136 4.51300272368 3.90127540622 3.15508004166 3.57585397596 
7.90862814078 -13.7725400887 -11.6957664829 -2.51871442764 -3.90880905464 -0.960466414204 1.43826194565 -0.553514061392 -3.74933759096 -3.54499905405 -4.70697191336 -4.07747479631 -6.79104476227 
7.76715971793 -16.9657457636 -9.66901550833 -5.21292423834 -9.84424676299 -9.03971559276 0.881684122645 0.140878059438 -2.62254905845 -12.9104608713 -8.47367860749 -0.810888081992 -5.10448265344 
7.84453105262 -20.5087543834 -19.4711361733 -12.4793455776 -9.5852350184 -11.3856521845 -8.65913128243 -12.8413313527 -11.9871595483 -7.08432187071 -4.19653721414 -7.12810431759 -3.46187085113 
7.84014044601 -15.370730589 -12.8885407175 -6.73949582543 -2.8803175022 6.07635660145 -0.178637205758 -11.1159895264 -14.502993183 -13.0779367497 -8.73799573551 -4.23439240841 -3.46934370938 
7.81813138868 -18.6696728133 -18.5112247203 -9.62480203797 -9.46964239586 -6.60155921738 -8.67441169461 -8.76816441351 -12.632534088 -7.73225352998 -8.47639124072 -5.97019435511 -8.9091711682 
7.91225257137 -17.8566246688 -19.5290195624 -4.3787957711 -4.57390982624 0.413505020098 -8.65966528037 -7.98107006863 -11.0014943248 -7.99557035637 -12.6154115183 -9.19625401247 -0.358426244366 
7.96407636102 -15.5694209027 -14.6051197975 -7.19523280144 -2.97006133483 1.09653605249 -6.74946534548 -6.00383497503 -3.18375954798 -5.64168354337 -10.6291827395 0.641558990763 0.472338847196 
7.86919583836 -16.0923124282 -15.250268921 -7.63684792874 -3.81033799115 -3.49044654324 -1.70943254095 -6.70471534674 -9.04144280765 -12.7289631712 -13.6300365069 -2.5582932764 -3.04868662735 
7.93005853194 -15.8978365275 -14.5660919422 -0.938383584384 1.94945316092 -0.244084070589 -0.624020947724 -2.72312649859 -3.78322349705 -3.52148936307 -3.96365701456 1.21762709907 -1.17561927277 
8.01427672186 -13.7850371501 -9.0819062112 -2.00626854681 -5.15346485152 -6.58419255073 -4.08884969523 -7.70011992682 0.0581969445037 3.1933833461 0.534834545197 -1.65675325235 -3.56320963541 
7.96696073702 -17.1082908192 -18.0455470316 -11.5600962472 -17.7629231725 -17.7792749856 -13.310428643 -17.0370119814 -11.740993881 -10.4498682219 -8.7744123318 -4.02278563592 -4.10316617882 
7.92395542437 -21.9471691066 -20.0861450972 -9.84345132393 -5.01817124237 -5.87449011001 -13.5360376626 -20.2029828437 -17.3197364947 -16.8706152978 -15.9877034127 -6.52604853164 4.96125185536 
8.05516369931 -19.3503552414 -18.5173656047 -8.50787772185 -12.95003041 -9.35708029218 -10.45138212 -17.9586342003 -6.42652420517 -8.84683574576 -7.10902727304 -11.1751358739 -9.84135830436 
7.67681636453 -18.265670032 -12.9713690551 -3.94687046024 -7.70207526912 -5.97529284608 -5.91520195479 3.04758652197 0.0458214867315 -4.53470191688 -13.8281870443 -6.19464893049 1.76911555455 
7.88686233744 -14.471819129 -11.6892103913 -3.34072188231 -4.60195667572 -3.77822396126 0.510344682252 1.39518551092 -3.2554054895 0.0235892385915 -4.39338072075 4.61623451442 0.206110708928 
7.9657836546 -16.1416528031 -12.9564146612 -2.07749550496 -6.09818648093 -3.9535106378 -5.23886345047 -11.229910404 -17.4569937917 -14.9508263112 2.63963543096 0.798536395788 -5.38733140981 
7.8105952999 -16.6110314578 -16.8576459526 -9.08450316219 -10.1385774413 -9.04586958835 -7.37644741399 -8.84356355106 -9.06812400176 -11.9146857953 -11.2593225952 -5.58660949201 -8.36904700523 
7.89966472997 -13.6673619166 -14.3697049717 0.360039456868 -7.41777368693 -2.0405252568 -3.68019318367 5.05027885635 -2.29820504513 -0.473877700049 0.492411915394 0.860268629654 -3.72181291212 
7.95686609579 -10.5399677246 -3.1496966341 10.6980268103 0.546602129317 7.60492068119 -2.45148955362 0.616678700482 1.95896569487 -4.02098666829 -3.39404259034 -8.82717439379 -2.08981208569 
10.2775354491 4.41382298922 7.68859248448 26.9742045515 13.5131100167 -3.70413346563 -22.0868182928 -17.3073297734 -22.3808251732 -22.1537833348 -12.4123689411 -8.08647644293 -8.43320600146 
10.9694678828 6.85956410906 10.7496437646 31.2266538597 9.92288066434 -0.883428129797 -27.9826402988 -4.26026235612 -22.0866943925 -28.2281493416 -5.30397374791 -11.1775601964 -2.7429769792 
10.5677184554 3.61371554794 7.42544931405 19.564730503 -1.82124952911 1.71982047423 -29.6316645104 5.97775901037 -11.9192709137 -26.2351235914 11.9226713858 -9.54756372974 9.1949342815 
11.7232053532 3.09783832049 8.03046616012 30.7661048727 5.5212434968 -3.54277862448 -43.8353862481 -3.78405580721 -30.3084722649 -52.9833222922 -4.44764288949 -28.963418522 -10.8887011259 
11.5571267391 9.98594555684 -0.368426945141 19.0562249529 -8.041885038 -3.59334467969 -30.4507338004 5.57935167317 -12.3911029284 -31.2100815036 4.45407334784 -12.3495875377 -4.33971173183 
11.7365590788 -1.96001636886 0.232447683164 36.5535985686 -1.96590135111 -8.58113794239 -53.4908404536 -12.0141919881 -22.9868870148 -54.7920692915 -7.46760560402 -19.6928119119 -14.1167496944 
12.2277317713 -5.20719469345 3.26388903438 40.5347299218 -1.41088188582 -11.6131012177 -50.1026766016 16.8206254454 -7.44509938151 -41.9603995576 9.0997786399 -19.4385785681 2.00696669557 
12.2918166964 -4.71009848716 3.30468672546 48.4129951733 13.7895347043 -5.1153836843 -55.4633524588 -1.17835609449 -22.2276904886 -37.7355540308 15.6183779157 -13.0057059063 2.10813226254 
12.7798818275 -1.92255101267 2.38093030524 45.0440734752 2.475381506 -3.88924756609 -51.8097644797 2.95565230769 -15.3843316591 -46.0556605899 3.27040821638 -24.9173610544 -1.10576515726 
13.4399420602 -1.44450986211 1.38850231569 47.3121749332 3.18118166386 -0.406865172969 -62.1002954093 -8.77798679917 -21.9455393826 -54.1321178066 2.25508355996 -31.6863845304 -19.5677726709 
13.8954348843 8.00706227344 -9.80814576642 29.9827049438 -2.57255638864 -4.61252233227 -51.4132567985 -0.517172717411 -12.3098147423 -46.4636837859 6.11131282211 -29.7082957034 -13.5084064034 
14.4129734086 10.8387182187 -11.351768198 40.4398840603 10.6330769483 5.99653708715 -63.8288712474 -5.2131172583 -4.11566641331 -18.0249511899 29.6258389251 -30.1534258447 -15.4877360327 
14.6102077448 7.22913895445 -15.7682700148 32.3773799479 11.5942690109 2.69450800855 -70.4223118782 -12.2319465865 -15.580425961 -7.44642191016 24.8871267994 -16.4818157107 -17.5300501543 
14.7702914794 5.40762038216 -14.2597189502 6.1489429599 -2.39613959468 -8.5180148586 -55.9954485927 -2.63640015054 -6.63573441941 -5.08160553444 7.03349125439 -13.3666771544 -20.1388082164 
15.6191894169 8.71949718334 -13.1360166782 5.89071693559 -7.47432311095 -10.3151980401 -59.1828711353 -6.15243474609 -10.116424654 1.79375621815 23.747663602 2.77883601138 -22.9932235161 
16.4096660633 13.2842614911 -15.675125963 0.835338555626 -12.7369540884 -14.1365360146 -51.2850001699 -4.55837781172 -17.6725291763 9.79573450154 40.8260219624 9.84227459178 -14.9831172161 
16.9197613502 19.9619341173 -13.8609787171 -11.5162134645 -9.34389837074 -5.62805596983 -44.3432989384 8.72733181506 -21.0515423251 4.72616430638 26.607989129 7.17723313271 -7.10483426366 
17.0335578216 11.8100939894 -20.1495229833 -18.1760677394 -26.6126909362 -7.91520117485 -46.3344442897 7.00217709003 -18.7951080445 6.71693647947 20.1403201086 9.95488126717 -15.0425738781 
16.4997039449 10.5430194586 -20.596426834 -16.6631545878 -17.1626056491 -14.9460058309 -24.0209523354 -0.468725377695 -17.5966074643 14.8716221424 14.0106066529 8.15742311613 -14.2745727682 
16.2708132438 9.1232368556 -27.8335026638 -18.368373208 -31.2843715073 -12.950446031 -31.4454449877 2.68473537275 -27.9797260123 12.9564174325 -2.20664064154 1.41723840438 -27.9771619638 
15.9539802002 14.3330425521 -22.9619025166 -13.073626229 -17.1271020017 -9.15660094145 -24.5151988454 2.14259050578 -16.0602923302 7.2799999684 -3.38378338845 5.61620324432 -18.6269892614 
15.9333708228 17.9727953647 -21.3660442137 -12.665058725 -11.2405997792 -3.50090360848 -25.5544573931 9.87761444773 -10.4836919247 5.03414566508 -6.75121325946 5.70674406094 -18.4296294014 
15.7907190901 12.1180183529 -31.2305852665 -29.0054961839 -23.909050437 -20.7313092735 -29.6149809984 -8.83696537392 -21.301472409 -7.20873838781 -15.7936204368 5.59633930536 -22.340497841 
15.8421918328 23.228903175 -16.5674406894 -15.8647310312 -8.74113618765 -5.69755827387 -8.26362508909 2.65822283325 -6.75208599774 2.3626083634 -7.62048619513 -4.26326561663 -12.8005901532 
15.8253949604 16.998029566 -23.0335756214 -22.1005219082 -15.0989533302 -20.9246400157 -18.6557214748 -10.9571025145 1.75141389722 4.98464820115 0.823073334865 5.25415072242 -8.63733302264 
15.2084819857 17.6048925875 -23.5792014108 -22.5452964924 -12.693336028 -18.4783802906 -18.9556866574 -5.15637892067 3.75707552597 -1.00667055418 5.20995095536 5.65369929316 -8.86282993173 
14.6239772552 20.629584074 -31.0325026193 -32.374507764 -18.7565113226 -22.9079694829 -31.7858592724 0.958792646141 -8.97333173509 -11.4664898153 1.72441743622 6.77862349319 -2.67773422917 
13.5560113472 14.2608484543 -28.2699783373 -27.4014390387 -16.1209576659 -16.4683044818 -16.7079813314 9.89814666161 -1.98122032404 -8.90530922371 10.0603629978 10.6892161582 -7.17160462421 
13.2913911976 14.3998889604 -25.7610520079 -16.795458263 -8.15363375683 -7.75911498251 -19.4606726826 9.38070941925 -2.76686871632 -2.82223456725 29.1242558774 9.91342249739 -6.69520388438 
12.5911532286 8.50383470579 -29.3191256125 -17.5511148488 -14.5016153219 -11.483097127 -18.9099356695 15.2116956392 -7.77697382261 -2.02103331744 9.18376827635 -11.1972586041 3.19922039275 
12.2472535836 7.35224627678 -30.7597940094 -18.1374576702 -16.0015572715 -14.8237048557 -23.5523009713 -8.34686418361 -18.9741922844 4.97382875268 1.02893476207 1.89036602737 2.56501472687 
12.3622325306 8.90462563536 -29.7523782105 -10.8573346655 -16.0101754637 -9.33052311744 -7.99533583352 -1.18879645092 -18.5465632151 6.8353844221 7.00116867117 5.03399505069 11.7584120295 
11.8053283292 1.9336465672 -32.1853015523 -9.25481019158 -22.9346390912 -12.7500619222 -7.55344470979 -2.39874552987 -9.15398312174 16.4321417559 -2.09726428381 -8.97237342823 0.334498158548 
13.3870147416 -5.42323538405 -19.8362310221 18.5697752312 -49.5021750285 -14.4093518758 10.426181254 -16.8820522785 -6.86155321654 7.04847183872 -2.74118814398 12.780749968 -9.85141553396 
14.7353187973 -17.8753042888 -17.4683768171 22.0956045345 -52.5454675185 3.98133236669 -1.74634603093 -3.20869393542 -1.6880910498 12.1008651147 23.2217218216 9.40707471473 -5.38422194817 
15.0762325356 -23.1930707437 -15.6980505619 25.6390463901 -57.1766376687 6.78632797356 -3.24410009166 -1.70531807029 -19.8122115649 16.6010295158 9.68172494403 11.9771243074 3.01557368313 
15.4104018767 -28.486059958 -11.0481054372 22.642556784 -49.5403000628 4.89875393052 -1.59938940315 -2.44839017653 -6.08453394626 10.2827437191 1.68052906573 1.67998046688 1.68429734069 
15.6834994562 -41.4489736763 -15.1901979899 23.2103732208 -58.1157563356 -1.98331713133 -4.21517017785 -9.83078498041 -9.23651110264 18.5985370627 2.60238098948 3.4769309935 0.281881922957 
15.6185922254 -32.8248485078 -4.96449577328 27.5727029331 -38.9969150996 11.2190916918 0.305601315631 -2.10671386534 -2.97376281186 11.2607802225 -5.93004753549 -1.38008070476 -4.44651193648 
15.9469788505 -34.9979928629 0.262524195917 25.4879293105 -38.5757675651 15.7373325919 -4.36613758682 -14.6126416444 -3.48870837273 11.7177450044 -1.60295418399 0.466768930539 -3.14224622786 
15.9804520747 -43.4426115474 -1.71317365702 30.1314253206 -49.6127543655 6.79912737019 -7.73574260465 -11.2432689717 -13.0842121032 11.3437928912 0.601850638949 5.51959309638 2.81034904896 
16.4744911241 -52.8531978576 -9.27603763511 18.0387523004 -57.2545351727 3.3983410104 -9.14992584033 -14.0570457407 0.409923134074 13.4587201103 0.232114855057 0.490957886003 0.452921226034 
16.6426290686 -45.3170411113 -3.30978507694 22.6534673541 -48.9020775339 19.6625729097 5.80681563398 -3.72398031188 3.16899825324 11.4151109738 -5.76680216704 4.37794658005 -9.82321026553 
16.6761822979 -32.1147161243 -1.01773237424 25.2400307919 -41.6830513458 25.6232805531 -3.4019774738 -6.3489036209 -2.01656706476 9.48799633119 -11.1173444719 4.79878390573 -7.75836156845 
16.7035097771 -50.0439023182 2.07220004744 26.9927916948 -51.2119511646 18.6336359057 -0.28494942112 -15.7728648643 -3.73004895671 12.0785151638 0.0159556942121 0.744875947145 -4.30122226691 
16.5304071125 -56.0800367715 -6.73307911423 22.5399025865 -44.1083144971 16.7792662819 -9.22686395722 -23.7179510248 -9.99682133888 -2.59435066558 -5.78676040632 -7.84550359639 -18.4564390946 
16.4487407507 -47.8416130879 -0.875807664629 24.1649045108 -50.7376868227 18.0049182459 -9.26992852448 -14.7122948696 -1.41225625288 11.3727141916 -6.62890211639 8.8665369696 -2.71795620758 
16.7008780743 -56.6180482654 -9.1583022762 14.6740468146 -70.910182758 1.29350065789 -16.354989708 -26.1644175987 -14.4723868679 8.96359603822 -7.49445609871 5.56758084671 -7.68299246465 
16.4397214619 -42.2188041795 -0.843062449021 28.5468516311 -45.976060868 21.0167604967 -0.308904593938 -10.5865809892 -4.58553286292 8.69770693903 -2.88407719243 9.17228419968 -1.50246334017 
16.1193770714 -45.1114319651 -6.39242386674 30.5438788522 -48.9032149427 17.0111537617 -0.934808653733 -11.2550393197 -5.12612810482 15.5734457989 -11.2404495836 -3.02512207271 -5.29827162999 
16.0087970359 -35.5980970545 -2.74801594202 29.5986797097 -42.5292340056 17.4103572697 -0.786989673642 -9.79356472728 -1.73586640474 7.14745628754 -3.52213840347 -1.11493500318 -3.36274850828 
16.4620198346 -44.0368149007 -9.15116689277 29.6809673478 -46.3914448153 16.0178432886 6.55276066451 -8.78803751179 4.66009185265 8.98812748792 -6.58923600437 0.686910513026 -8.91035974787 
16.3963836137 -36.1498907049 -1.49459928028 36.9768930357 -49.7608561168 18.3807658854 1.86625010174 -13.8693731147 -1.09694679225 0.385749555323 -6.96102307614 -0.242671660406 -4.81666918637 
15.9219162464 -43.9433323591 -8.65898910908 31.5646168469 -53.0850125129 16.6720749109 0.836870195506 -8.19876675256 -9.32410764096 8.79093300354 -11.4758982877 -6.30743856328 -5.10405519314 
16.2037037976 -32.4531327587 -6.58223395835 32.4274355526 -46.8693695082 25.9109311544 -4.18213827273 -10.4147672391 -2.13259540144 10.813216499 -14.2327552155 10.2763968183 2.87622379305 
16.2544923868 -29.0658576345 -9.05536700419 34.6014278262 -44.4339912279 19.8127908701 -5.51386836256 -7.69160271857 -3.90589485476 9.51148288833 -12.5518325023 2.62638658823 -5.82212679727 
16.16679831 -48.1826464232 -11.4872984241 29.7360767152 -44.2536498571 21.5111265576 12.7153917177 -10.3535383114 -6.0693565886 5.43630176187 -6.48203391322 -4.66496968267 4.39072305136 
16.2357303745 -40.3138182973 -11.0111270123 38.9194131655 -48.6117427364 24.5878594808 -5.03549788816 -18.9035805296 -6.72778862509 17.7363987165 -9.28010727283 0.385288983525 -5.99950367315 
16.0999982691 -37.7025610445 -7.97656435184 35.8818095059 -47.7836053803 18.2917625464 6.08706657654 -8.56117804986 -2.98126640767 4.39112781853 -8.15089603335 -4.64054520185 2.81145080541 
15.9430667053 -28.2186336795 -12.5656600141 35.665966774 -48.1301858707 21.3085736266 0.872932003027 -7.4584844919 -10.4917871198 11.6525781319 -6.88399416714 -3.98908690427 3.2054635404 
15.8853872563 -38.2325253116 -7.69327865845 41.0550934431 -47.4664696114 18.6365181109 4.30878999885 -12.5595785892 -7.74710148285 15.1069309556 2.45843778642 -7.82557624208 -3.62508688506 
15.4684893575 -40.3054494254 -19.1061159118 39.4131121511 -51.6171172552 17.9304435887 1.84536400905 -2.72384120859 -17.4583400063 7.83740202922 -1.39934037088 -3.65310208872 -2.32469583593 
15.3255691282 -37.5316394955 -16.3861468703 39.4327788073 -53.3688677377 15.8837384064 4.78565342842 -9.10977416882 -15.7024934464 13.6385884593 7.41913572875 -9.02066618183 -9.17657273532 
14.6585319784 -29.9987845202 -16.903577963 39.1882133411 -44.0869711333 14.7457431696 9.57865022747 -17.7791717753 -11.5876185559 -0.328833818997 7.36362198549 -2.61429408178 5.8261054654 
13.7056060082 -30.4865798579 -17.222555536 39.3890648372 -34.0775349668 14.1992925926 16.1871835079 -15.6950954522 3.19968405734 0.253547953105 -1.47170552921 -4.7200595632 -1.40315392246 
12.1560309664 -25.3512806497 -21.2087826556 31.9831336316 -38.6899667107 3.64229532708 3.64415173188 -19.0773970984 -11.3778963526 -7.6453703739 -8.43794775406 -3.64014244147 -5.40257961437 
11.8882233473 -24.3397367844 -20.0933181457 21.9717322015 -36.1075243061 6.75287596605 -1.02093872578 -35.6221724817 0.644866576496 1.31157395 -14.4467675694 9.97547502165 -4.00218672478 
10.3178881457 -20.4907285508 -16.6881304829 13.9717815383 -29.4084179095 -2.0859337275 -7.74670320762 -16.0081362745 9.66075209451 8.49477861082 -3.8606207097 7.38822224658 -6.38363696183 
9.82005220098 -18.4319310631 -14.3873167264 12.4977273367 -26.9368347759 -5.3643897811 -4.25063229569 -16.5039669731 -6.44183761097 0.049025879384 -13.6323137948 8.09383877345 -3.14166650648 
9.24834511998 -16.4162956677 -15.2910515009 10.9053987257 -11.6129941039 -0.778500534811 -7.47552654562 -15.2328221596 0.658916125664 4.51314053481 -8.98843502627 10.1903323065 -7.78473586598 
8.66630637975 -20.6598446334 -22.5995452778 0.618758302289 -17.5799644502 -11.3287903533 -15.783104867 -16.8911986023 -11.4301195971 -2.51304614919 -9.00193850216 -0.529337977306 -16.1136849716 
8.50273090778 -16.4901870695 -15.7094011968 0.1576123275 -19.0424198531 -10.1394101936 -10.9294514986 -7.10443110054 -8.75084028022 -3.49163884805 -18.9745534532 -5.85217035447 -8.51597682537 
8.4322295677 -17.4877499135 -16.583804551 -2.06491386705 -18.831993579 -6.58551777168 -13.5957540677 -9.54194737706 -3.31803068295 8.58962333176 -1.40369402825 8.94193928042 -4.57141699435 
8.3941157988 -16.0526203853 -16.9954556521 -2.51643320816 -17.2741358295 -7.43095412346 -7.17811988219 -5.68426228224 0.0610659186695 7.83083862536 -0.518106418508 2.11730292663 -2.98816451262 
8.33981440209 -17.3454925855 -17.1967178489 0.806778938821 -15.4551030861 -9.90594562491 -17.1606883618 -17.466872599 -19.6139524277 -7.31087471174 -12.0641656433 -4.71785002169 -6.96288576274 
8.19561052645 -16.8442403821 -18.0562009907 3.25009810424 -6.24257717373 4.04436610056 -4.59949298677 1.34184192362 -9.02565736803 5.87436605425 -4.81736768142 1.46917505804 -6.07744600621 
8.05578536077 -16.3620406006 -16.6532321394 -1.05351726101 -11.170122291 -6.76705951754 -12.3801456162 -2.46794732489 -2.86298330307 -1.28850840345 -16.1960758564 -2.73399156362 -12.2407894883 
8.23042838674 -14.9343145752 -19.1775061505 -4.08511087142 -13.7296999209 -2.83847967265 -17.3759775405 -12.3948363957 -13.0464591638 -10.1821026347 -18.922220741 -11.8066220786 -15.3619320401 
8.12108958248 -21.1587665556 -18.4414511675 2.84856288217 -7.80177774785 -2.83313765663 -17.351351529 -9.6381057708 -9.68815375695 -13.0878934185 -20.7473891779 -12.0267085669 0.461567032618 
7.99869325113 -16.8382389701 -16.6556487873 -1.3297515718 -14.6505684851 -9.60999504345 -9.94525842697 -5.62442209215 -16.4475742866 -8.84367240137 -15.4333063006 -0.179531817805 -9.03860538146 
8.17880899941 -17.9241359262 -15.7459947646 0.459029081 -13.9512521181 -5.54589518282 -5.88850962489 -1.24807292309 -4.70678140584 3.8447465101 0.797372361883 -4.25262076996 -15.1805152954 
7.99777977084 -18.4954456148 -14.8968550169 -1.92367694632 -9.45397219044 1.13655025402 -3.06718591464 6.04288403429 -5.13760916146 -14.0091918424 -22.8163014286 -3.24079455389 -14.7803361069 
8.12307564293 -19.2235432671 -16.7158509966 -3.0393333753 -17.0079573308 -1.63834076433 -6.10040142237 -9.92981447106 -20.0601346989 -5.95586385506 -5.98466969985 8.40448427579 7.19071382911 
8.15753790945 -16.2882113944 -14.3317936492 1.92995084677 -6.6678258508 5.65421699062 -2.50647004274 2.21247339781 -7.91757788939 -5.32427959537 -3.90651902353 7.55607219917 -4.90242001217 
7.8712890274 -17.743254334 -13.060563135 3.24005078715 -2.72732096918 4.36700070445 -6.23529297359 1.35353459136 -9.22170041715 -7.3950810743 -13.8867174839 3.23022730739 0.28703437873 
8.11268363184 -19.3613872378 -18.1127449261 -3.88386008526 -15.9669995341 -9.22770098847 -10.9161217169 -7.06612065636 -20.8157070126 -6.66498140009 -10.4588808344 8.64965093804 6.10760829615 
8.35177023184 -7.68114273559 -5.52035422708 7.46781242377 -4.01371705056 -0.186810618173 -4.12963161972 -1.97831149359 -15.6358976072 -8.85682783908 -12.1430810095 11.5405657117 6.14608451315 
8.11738456451 -6.61855271186 -5.11389331804 11.1744097753 1.87009402693 8.90751580436 0.933298975305 9.33055998929 4.85656701771 14.0988772025 6.33249372145 9.63541663495 -4.55510115849 
7.85415698321 -12.0599476061 -8.27989748654 6.51944811438 -4.58370375251 0.398396444248 -7.93666717518 -2.6078559375 -11.7382900764 -2.72954987067 -8.49949563128 -2.43358531808 -5.70638104802 
8.01358106667 -17.947525472 -15.8192732638 -0.330364357918 -6.08515842124 -1.96150147584 -10.5634840619 3.19630078953 1.15676151835 12.5826357513 5.53426247078 11.6214301401 6.25735542083 
7.96986828413 -14.2677072009 -11.1369237898 5.67023524991 -6.53183030374 -3.36263476323 -11.8118789875 -0.4045522487 -7.33368366041 4.31288520344 -3.41737846935 -6.3788853536 -4.25179304551 
7.88593263733 -15.1686377132 -10.0897739443 4.14096171244 -6.705610916 -1.69888058636 -5.95725956769 -1.39479882872 -4.4640133258 1.2867653629 -13.9036844185 -5.28894460813 2.17071282297 
7.94158783631 -16.5813362674 -12.0262417722 3.81464004949 -7.45597514944 -2.66787975397 -12.609963347 -7.84116171787 -14.0687941371 -0.712593689412 -6.37814780909 -7.56006895918 -10.5385517268 
7.81228467965 -16.0543929728 -16.3938557065 -3.25681706335 -14.3384113514 -1.02608616777 -7.5686738534 -0.697074585849 -4.88635044083 1.2273209349 -4.36656549048 0.97449741994 4.20755509672 
7.80150676617 -15.5668632419 -14.7442827535 -3.06715312577 -9.23805918184 2.41529370115 -7.74197217519 -3.67348081866 -9.70147472541 1.10296410831 -3.8005077932 -0.413883813947 0.742908676139 
7.73473179468 -15.6454927387 -13.4886527651 -3.63544717408 -9.81343868337 3.04848423436 -3.20376330997 -0.222385556313 -6.03634094287 -5.06425993902 -5.50742580043 16.1492629944 5.86426065825 
7.81292960356 -16.6885777027 -13.5452631805 1.85656996181 -2.20415473666 -2.99745135545 -16.1564943292 -16.660702035 -19.9228454905 -7.45838861337 -9.44157400753 -3.27416503324 -12.977711685 
