6.20152970092 -26.0798705863 -16.8163348852 -15.0862898601 -1.58096867013 -5.96278555307 5.07725716285 2.66287655297 5.85378630044 -9.3493801767 -1.70710071128 -1.2294348023 -5.5409374361 
6.61059259261 -19.5955432661 -10.7377404713 -6.56859377657 -5.32567115432 -4.77693870072 1.15171857463 -8.06556112001 -8.20647447398 -3.5949462587 -5.22776352864 -6.20685140079 -7.16971048924 
6.66193416339 -23.5359567957 -12.2015438044 -12.760974734 -9.53517542714 -14.3301234226 -8.22196207311 -22.0675050407 -14.1365913057 -15.9405966843 -7.66506651582 -0.450480475804 0.631263450744 
6.78074733043 -19.0344494833 -5.76148862623 -10.5409945154 -1.60342002143 -9.53165875461 -6.37129305556 -18.2440376889 -10.8624826826 -15.1828006356 -14.0686231715 -8.4834529364 -11.9939959964 
6.54286279337 -21.8628465581 -15.1208275952 -11.0974231897 -4.63304305322 -5.45413894002 -8.61787934003 -18.516395326 -18.640211335 -13.1338812512 -3.42288796443 0.437047617983 4.90633932149 
6.6177590583 -20.14542762 -11.3763571642 -7.27773713062 1.90560521749 -2.24429633541 4.79153033058 -5.06553351564 -0.937480719734 -1.36427491487 -11.4310478318 -5.31293462712 -8.13690491114 
6.72340336084 -20.5514210979 -6.05307811327 -6.21386993034 1.63686324781 -10.9309362761 -2.56713615242 -6.20666956733 0.707639814985 -4.36857219254 -8.50833706457 -7.94240083513 -3.89792884554 
6.72158806642 -19.1003947102 -10.3741134164 -7.76500247791 -0.551609397808 -4.84159442353 3.9026240158 -9.66479508384 -7.90883191147 -10.3324155419 -8.57020498408 0.244126938037 -2.37292716832 
6.79591644514 -21.2641367219 -13.7584736038 -14.1314380225 -6.15408766751 -12.0430398594 -7.45848572059 -18.1862618936 -13.8437775973 -17.9475942382 -13.9088088477 -9.62586393267 -5.68222791823 
6.6205233427 -19.4923148275 -5.59430227459 -7.40516758138 -1.99940239423 -1.51455856443 0.970281969004 -13.8049550417 -3.29938201482 0.241247727549 -4.93165055186 0.812022540169 4.7006195692 
6.57861358038 -18.1304398644 -9.19322427529 -7.13359639485 -4.42549786345 -6.49917302123 -2.48466471492 -5.83953020234 0.886877038245 5.04779608566 -0.0712149960745 7.51149370023 -1.86933222561 
6.57353502778 -25.7112191774 -20.641032175 -19.2596684264 -17.697697337 -24.9682502673 -23.9370748053 -25.7290663217 -18.052700771 -21.5414340376 -17.1493292083 -8.07726826487 -14.1065077343 
6.93284259301 -21.4900249317 -9.16744704043 -4.05891995653 -14.7723793582 -0.155762996539 -2.78377934124 -14.7488126481 6.13729494914 -10.6892574436 0.389234888434 0.810817265906 -8.87855097272 
6.57150179765 -18.896553863 -9.61765471518 -1.29105220082 1.06168214583 3.18009339204 0.303950077825 -10.3164945615 -4.00812324736 -4.46051214372 -6.96120819378 -7.09388274134 0.326911962651 
6.79336888587 -17.6614380147 -9.73421424528 -5.96350254558 -5.11682342989 -12.8195088592 -8.25747159259 -3.59670759395 -3.37707355426 -2.45026428283 1.18368713804 2.008743582 7.72186299524 
8.23384406236 -23.807172344 1.17655740876 -4.52736230029 16.2490287364 -2.62536431475 7.87643399505 -2.19695959254 1.40939850574 10.8363514952 -9.01765129273 1.84707106965 -14.1709642706 
8.33943889417 -22.5851395338 1.04592492031 -8.38189166757 6.93361612074 -10.0784733056 6.71804850855 -2.55606404174 -3.25174996949 -0.41288852884 -13.8649525504 3.8626126708 -11.3600207531 
7.43850601209 -20.7442802994 -8.69725214547 -7.59149663792 -2.51871655207 -14.5960617896 -2.95461551269 -12.5229482031 0.742927135263 -3.06840588123 -3.44353172089 4.88734929715 -3.41679373531 
7.44504183048 -17.2766938689 -9.07524111206 -9.53626580657 -3.11839158094 -5.70736276677 2.12363282469 -6.50573136072 1.69182228012 -7.22073046643 -0.289714832731 3.42937372362 -5.04346204391 
10.6946527462 -25.3764955255 -33.6545246245 8.59143002884 8.15613477344 -38.1216214168 -8.00592086441 17.0022271379 -2.75111451831 -26.2629219425 -2.41333698072 -5.25363846329 -12.3534089872 
9.07153527226 -19.2994072953 -20.9056549721 2.02270706561 10.822780613 -15.459931752 -6.08889133646 20.964912158 0.956151797696 -20.4309187309 -7.22272685124 13.1770597335 2.89266935026 
8.01337483392 -16.9948987818 -17.0950134109 -3.92427833328 -4.28464112028 -16.3240157279 -14.8768614066 -10.9991907687 -24.261621129 -25.6041759673 -20.2383244443 -6.70272686415 -3.53954595691 
8.00944764655 -16.0088939184 -10.0430577772 2.03283646968 0.395004381462 -15.4413658192 -7.17838338979 -5.86906333532 -13.7726478255 -21.2882546298 -8.04676748327 10.4294542673 3.25241075897 
7.63409308003 -19.0350886631 -11.6705055329 -2.51032172612 -5.06572351077 -9.80735493758 -3.93467955983 -4.61170217907 -10.269785282 -12.698389255 -7.93921373979 -6.39002699901 -18.6102762207 
7.61578956226 -18.8741156995 -13.8912838384 -1.12838800131 3.11950076567 -4.59564963149 -3.6380811479 -2.29532155702 -6.51487041788 -11.733078576 -6.83207295774 -0.936236067541 3.27892697354 
7.47322078562 -18.5143093808 -10.339335437 -5.63421722535 -3.56594116129 0.486128353317 8.9096374389 4.01202250538 -4.61613424358 -6.96830134367 3.53998640871 -1.28886279422 -4.75098277868 
7.43221388671 -20.3994857741 -12.1110863844 -6.58524982634 -7.15033235088 -5.32560294275 -8.07765816611 -13.0529083049 -12.8516336409 -13.6530300214 -4.2296287433 6.0979883413 4.53682436261 
7.49205291562 -19.6349162179 -13.2357299528 -2.80058473033 -5.17711451557 2.29796540474 2.90071451512 -0.869109062015 -1.39682310261 -9.88656477934 -9.76785793797 -2.46042179895 -5.32595399872 
7.6365058101 -19.2230831444 -10.9461389967 -6.15260954201 -10.5328985121 -6.81061282146 -4.09590000125 -4.19970868396 6.79181798536 -4.03875529679 -2.67411716433 5.68506642031 4.75554008865 
7.69792545662 -17.2831320688 -16.5422604619 -9.84645283866 -12.9394437924 -17.5786327224 -10.7772130471 -18.4845932859 -13.4327768153 -19.7604856644 -15.6105866601 -10.7899685337 -13.5926961522 
7.55384492926 -17.5738957412 -11.0029038503 4.64682561828 -1.01132027002 -2.23836793343 -0.768493452289 -6.34036045422 -6.01797707842 -6.74479413038 -0.426621532978 0.699402972615 1.55976537612 
7.36702174259 -18.4786774753 -10.9889389916 -3.94324615581 -5.07701422729 1.46630626876 -1.41747339169 -7.98166236672 -15.1398108613 -15.8404087006 -10.4569101381 -16.1137285697 -5.41038111637 
7.52174270229 -20.1048562743 -15.3703588023 -6.02362491572 -9.00752243611 -3.57309366381 -5.1297918848 -16.8909830729 -11.3716086726 -13.1653550424 -4.84930599619 5.10689459547 1.49316473113 
7.47591816166 -19.685115177 -12.6793926736 -3.17846777646 -3.29926880674 -5.23837826317 -7.70068886971 -10.237930239 -8.76115358062 -6.20038487546 -13.6066730485 -14.8718631745 -6.3291067024 
7.49588774954 -17.9638106114 -10.9502111017 -4.61066089251 -5.64267733919 -3.3700915407 -5.80009251039 -11.5479342438 -6.81853304737 -7.83477044704 -11.1742761682 -10.2709633782 -10.7076144783 
7.50761946139 -18.4391219882 -11.5274306277 -3.03942734599 0.519774880988 -7.76417316931 -10.3237788211 -3.64124590704 -7.34650208109 -6.28098567712 4.07078585244 -3.44658982813 -7.28754615244 
7.58237641951 -18.7804909929 -12.4632687291 -2.4462688307 -1.6677246399 -1.53647023869 -1.693632777 -1.72489286426 -4.47142058791 -9.49842338802 -6.15169911386 3.57905052308 8.02452909665 
7.51208907579 -17.7755657816 -15.0673333611 -9.738666357 -10.5920863096 -7.51760282778 -3.03366788168 -2.76487249773 -1.66628718092 -9.00098372004 -0.456418279524 7.31836951094 5.13597399895 
7.39375331173 -14.2379071223 -5.90309617343 -2.21688127321 -2.90581442056 1.10538309828 3.78715370619 -3.87192774103 -8.15175243326 0.0425019962955 -2.40417998074 -10.0461785777 -3.87965217598 
7.44862172726 -15.916947816 -9.07767855582 -2.60837645906 -4.5017844042 -0.347871087584 1.7614978722 -3.66407616439 -3.92284547672 -3.55892955729 -10.4047368818 -0.578602629903 0.00507601906224 
7.55354281663 -18.8892628509 -10.5119781056 -1.82119027467 -7.15854325627 -9.73794843869 -13.4483048678 -7.25088461544 -1.83496454241 8.85367680848 -1.48598462084 2.80865919726 1.46257543178 
7.58924069988 -13.9956760706 -9.00943797112 3.20056637678 -1.35291988673 -1.71970125867 -1.81715301543 -5.89182622704 -5.22648983539 1.0102662036 0.440153563093 4.66053295225 -6.34036884569 
7.52520640197 -17.7114261651 -10.1314645147 -5.74836261365 -8.94708080513 -6.93761292896 -7.2880398901 -5.30649147103 -9.84139910249 -19.276190786 -17.0942240294 -6.75633220657 -8.55699594806 
7.5425594923 -17.2509609782 -11.8069798087 -2.59370905695 -5.25409705424 -3.47941167585 -13.2362564728 -11.595920963 -11.0895621588 -9.30519323943 -5.51908775074 0.964251831021 -9.26383690833 
7.46073775266 -16.541908591 -10.4188892409 -7.51577393893 -9.02289081972 -3.83163901401 -9.41378226479 -11.5988993455 -10.3636513611 -4.71755462365 -10.4031044989 -8.8805144655 -9.95593901808 
7.54595097937 -17.4717828786 -7.98634266433 4.4036218711 2.79685910279 3.75150077222 -2.52425881812 1.69554012065 -2.48288150587 -8.52624143333 -12.4264401396 -4.94249976388 -5.00732955342 
7.4571139534 -17.6436071884 -11.1631613512 -0.235481954146 -3.45756067274 4.09060000238 -6.27795567997 -9.30303651833 -4.50273159028 -4.87770372451 -8.72954537751 1.86439177068 9.84516951221 
7.26475028207 -15.5276962736 -8.54555228785 -3.34119021893 -3.65501194617 -4.80198361708 -9.77472727383 -22.1663654386 -13.0603262958 -11.1509521668 -0.364703444542 1.09309784494 2.38918971078 
7.55701352107 -17.3447427567 -10.1711893805 -4.45836763074 -4.25045505391 4.89444499779 3.32893038526 -10.072086501 -13.0281572949 -19.9742296673 -8.19413992656 -4.67458859283 5.9765821846 
9.25262820477 4.32811964328 13.1189937765 19.4395535494 4.18192031155 -10.5940973324 -15.9659097136 -15.3588485345 -14.1924323325 -15.6704593901 -5.26398110294 -3.09066606632 -1.92221420967 
10.5425703131 8.58333709406 15.3397217044 16.8965946797 -6.67679293668 -14.6315601235 -21.5328296812 -18.2871644869 -23.0054347476 -23.9790213212 -10.0626123236 -9.16930662646 -16.339578368 
10.6565428309 13.3681692433 13.3368905778 6.15978962714 -9.14805241936 -4.65093838939 -14.2707950309 -10.4698701579 -15.6653157098 -17.3678947832 -8.91002494125 1.75888645648 -1.26962678099 
11.0978441086 11.7318610296 14.8988921839 14.5528911104 -2.43825693923 -17.8982849357 -28.890094779 -25.6157240651 -28.7238152708 -16.3426710148 -5.72977012748 -3.29959870936 -8.98296285947 
11.8367640087 12.810887095 11.8217460755 10.3150555789 -16.0386181787 -26.8347541679 -42.720077759 -28.6119529891 -30.3195408357 -29.5164822259 -21.1597012723 -11.0518783635 -25.0433247657 
11.8979409122 14.5322522666 15.9284730456 21.7081973226 -0.223821996479 -17.7043423973 -24.2533454514 -12.5288783545 -28.5126869045 -26.8167395682 3.83285741267 7.37612344013 -14.1242286745 
11.6034850088 15.0737478035 17.6047313492 19.1970199293 -1.85868071456 -11.5425395587 -24.6151367733 -14.2254516806 -12.7533546201 -7.42019639284 11.3008618276 6.14907604648 -18.0187098832 
11.5398710218 14.5327199669 10.8033686939 13.6466859129 -2.28978115842 -13.689878914 -19.341825676 -0.10259310463 -18.1401631105 -16.9127634757 4.59236098896 8.01727783501 -18.928962359 
11.9368833119 14.5570471774 11.5123217067 19.4488150076 0.16745813892 -22.9978207102 -23.58226992 1.04282644774 -17.4235547527 -24.5875528253 9.06139654693 2.62428048545 -27.9301531445 
11.9535642911 15.6451056961 11.4457891188 15.9493314251 5.30164872043 -13.487302321 -20.9919428623 -11.6871349952 -18.3984886329 -25.9767969653 -6.42118330105 9.86769174646 -1.68924563486 
12.8610602648 17.7154493507 3.97565808187 1.93534206891 -5.51017361897 -0.943823581298 -38.2945649149 -19.0637120324 -9.99245001896 -16.4821273355 3.27245441356 9.12987051682 -6.18168223245 
13.1206648636 12.5267289086 -4.48447727972 4.65340877642 -17.4881771563 12.4224401668 -39.9990130445 -19.2738870584 -5.97739971862 -37.4176049077 2.94068582364 17.3279417391 -5.97602014265 
13.3077184712 17.3789056859 -6.58244635505 -3.75276556994 -14.9630850726 14.5568539017 -40.7364803986 -17.4721166168 -10.0024887701 -33.2592123829 2.84135300053 21.2470082534 0.746607423175 
13.6940189174 19.1194051798 -12.3018819706 -10.5544366432 -22.1087568821 9.1555541772 -37.5810321201 -21.7352840656 -9.35479415064 -35.1947916483 -1.33858729522 16.2596461569 -4.58978140254 
13.9536853551 22.0938474683 -12.9520387473 -15.9508931344 -14.339919848 11.5036475601 -41.8368495402 -10.7698775116 -5.33105960539 -35.3285529639 7.60818930492 15.7849072811 7.99822647995 
14.2476901379 20.2125133938 -9.40185424609 -21.8947214558 -22.0426056435 1.09343911133 -44.8160891424 -9.6401641552 -0.460857147054 -34.1746721783 9.24248056513 4.30521508201 13.3263805786 
14.5313007982 26.4617749429 0.103628126008 -18.2432375399 -12.269750671 4.47263208944 -34.306374062 -4.20384953462 10.9863669268 -24.8692025656 12.4540430004 1.67122920285 10.9302427271 
14.6316440376 26.3682943905 -2.50700475999 -14.4853166216 -13.7419636902 -3.2036196773 -27.467262686 5.4541951587 7.96819021393 -29.9965941986 0.859885676196 -3.77560124822 11.6632389594 
14.6380750301 26.5563040769 -4.30395604983 -21.0738736848 -27.5003875025 -12.8432162707 -37.6039291538 -1.36582265486 -3.21261192837 -35.3752842545 -3.27215281489 17.3474434191 12.2122289558 
14.7501842849 26.8593921246 0.253823159931 -19.5006598275 -29.6046257109 -9.55236650977 -34.8978677833 5.90521733043 -2.55374753895 -32.7925693224 -0.40281746343 6.55031086384 14.9590106485 
14.4446910265 25.2588187105 -5.35422938955 -23.8405602395 -30.483179037 -21.4587649469 -45.2135108309 -1.81767552076 -6.45231571672 -29.4839682236 -8.62509167086 4.31654831852 2.96384217001 
14.3845711207 23.2412112374 -5.75226407391 -19.5937440239 -31.9383756827 -17.3082143963 -56.7754302551 -0.874989298151 1.50329900338 -18.7719857781 -9.40673233579 -4.83685146293 4.50052943114 
14.3298016644 24.3251809789 -3.98198489164 -20.9015846763 -26.805868771 -26.1102455116 -46.2652469119 1.86125960587 -3.26051034072 -25.0082574416 -12.5120001588 0.81670123262 2.21826409304 
14.0529645757 25.2891829749 3.63180680684 -17.1608134741 -27.435475831 -18.005336872 -39.0899274742 7.50018589888 -3.98687782699 -24.0568924041 -6.73641458551 2.57673196714 3.63921436863 
13.8823074084 19.0371142797 -2.62168093083 -12.6931286742 -24.8991596393 -23.4981992864 -36.7143274776 4.26974695829 1.74166890059 -20.7817122052 -5.35936483103 7.59081229163 10.5164940769 
13.4424402207 19.4979059302 -3.7918952082 -13.6916735948 -30.6397105476 -36.2562130639 -45.6243460068 7.37059801752 6.77924073882 -28.2092881235 -23.1554726625 -10.88633786 -7.75819177776 
13.282655501 19.2931420553 1.80792315762 -2.53966458638 -10.2908106702 -8.81462687089 -19.0555910779 1.38504709803 -2.52550504731 -26.215142819 -13.9398012547 -2.14543844424 13.1403971816 
13.4364012436 23.3268789993 3.84735399891 -4.30851164864 -19.1471009372 -27.4726391617 -34.1773965059 7.53128293874 10.9123155527 -13.8333797724 -11.1133238409 -5.37566103019 -6.10246733458 
12.9264432055 20.8176672945 8.34514295596 0.291477034027 -20.9782680527 -27.5321334548 -27.0547932474 9.07564138009 5.98508844471 -15.225170422 -8.61192847881 -7.77671005776 -5.34423829104 
13.3652273573 22.7156292896 12.1060976825 3.15612262687 -26.3033887741 -33.9304077001 -42.7835406227 6.8046476578 15.2777825863 -14.6891920526 -13.4837233184 -8.34325912177 -13.6550153324 
12.8843003907 17.2740210369 3.25970057611 -4.04144755161 -20.7020124491 -22.9095888787 -24.9208381355 -9.77245990977 -9.02309047862 -14.1079054503 -9.80538393187 -13.7521196394 -13.1527292426 
13.1496119487 18.721187623 14.0830603845 6.27014937284 -29.3029384712 -29.3622629092 -35.1961043277 -5.69650659307 -1.20236428938 -5.82338944437 2.23855546931 -3.46897019292 -12.6404159121 
12.7320261432 19.6993743002 10.0932158555 0.846778363774 -27.0545885503 -27.5382354342 -32.5021883799 -7.65725435469 -11.0465952634 -13.0526819503 -10.4442870741 -12.0654084152 -9.96152236912 
12.3532043245 17.2493333764 10.4297433655 6.09647777866 -23.5441695044 -29.0215694458 -34.6898352214 -6.68484056022 -5.23016312799 -2.75062588165 -4.73033160509 -7.16060338305 -10.616438819 
11.1698032453 12.7221749035 11.2150434619 16.5016736449 -16.0054899457 -8.82898949685 -17.583955377 -1.48818945642 -3.84537181506 1.39238496977 5.15210865776 4.62620758341 -4.92462917541 
10.657946706 8.03364142849 11.8977428492 15.3099521532 -8.02160312198 -10.4322497851 -22.7729107272 -14.1195994922 -7.61649302758 -12.7296045041 -6.44145840441 -3.53972259122 -4.14197349697 
10.0125964235 6.7685978388 10.5792124222 16.3404397973 -7.15775715403 -5.92395645087 -14.6137137941 -6.84436461132 -4.08817187518 -6.18003905363 -1.0123689449 -4.4397937472 -6.175805545 
9.91223888329 6.68917814075 10.9127757497 14.2265626013 -8.02082353669 -13.5931750351 -13.0284667809 -0.954955359732 -3.12330654111 1.55607412021 -0.49643468545 2.22445605317 1.18814488557 
9.29091424604 2.46895725587 8.62435481207 10.7583310598 -6.71934138493 -4.72597300875 -10.7864819371 -0.750785113095 0.43515597178 1.88661606234 -0.408189071139 5.49579562761 8.26397562687 
9.11977311931 -0.939452319714 2.89508561687 12.1646040231 -8.48617640764 -6.91228337207 -14.6952135797 4.27521340234 11.9113648509 12.0088708934 8.26652951351 9.25198093811 1.00894546802 
8.8044568535 -0.702327940972 2.10193024987 10.5860229842 -7.99570879683 -0.993256364567 -2.07070276422 2.1485887303 -1.32008164201 -5.10582253479 -5.48628409564 6.29207870982 -1.10357066572 
8.69111467125 -3.83179026321 -0.201686691331 8.699195942 -5.02149927979 3.59211791767 -0.696212766746 0.331133530802 -0.29437261629 5.36534997392 0.535165328379 1.20482442507 -3.09169400884 
8.63006379459 -7.37451387459 -3.18666390498 7.15836117791 -0.291470883933 -0.346379990658 -7.48215206627 3.85302520603 -2.17053334149 -2.81728198459 -5.37165083203 1.18628043408 -2.76302798583 
8.61786331162 -10.9196958687 -6.64076958819 5.80712048084 -7.22664370937 -6.8822052371 -13.0532384204 -10.193009839 -8.26999237532 -6.31150706041 -4.23497863949 0.360756432184 -10.7372605845 
8.50094682225 -8.36150461891 -4.66333163879 4.60748724578 -7.21820319319 -5.77351115989 -10.7921738352 -10.518247773 -9.63568957358 -6.10143715204 -11.9020454049 -2.77739429011 -9.53206853282 
8.44908636427 -10.4255002806 -5.63127087601 5.27597887043 -9.45423273104 -2.77705370512 -13.1365918133 -4.54130936701 -14.1770123365 -6.62664855704 -9.48917871997 -7.07170253601 -5.04840230504 
8.29558912831 -10.9555187169 -4.3120854833 4.82088189121 -6.32881914634 0.174904201293 -5.67647321645 -9.64610931277 -6.23068724833 -4.7457772046 -10.5413475684 -7.05172814996 -10.4516905158 
8.28828783666 -12.230115281 -9.47761443172 5.00297343912 -2.17209378798 2.55118075769 -6.12229489821 -4.26141682895 -6.46339333904 5.55888517061 -10.8458089577 -1.74191614332 -8.35051722418 
8.38890480114 -16.6401490671 -13.5934521208 2.48136618319 -13.0114601903 -4.48046608226 -10.0176623825 -11.7648387429 -19.0008205988 -12.6225668625 -8.42416469174 -9.37209181477 -10.7612198263 
8.25322096552 -13.8255574144 -7.92309659143 5.41943626915 -4.07973215123 -0.37251959554 -10.0442858216 -9.03287477386 -8.54966966542 7.38302874588 5.54543363907 0.308097317166 -11.0241950841 
8.30243068668 -18.3996181633 -13.3490924383 3.96022582906 -2.60687854221 5.64207256653 -4.6331572575 -3.09371238739 -11.6265959746 -11.8596239339 -15.7071946225 0.279234824046 7.00689091781 
8.42365696992 -18.4977140515 -15.7722221597 -1.53189034517 -9.96069968524 -5.62556899616 -15.4642717311 -5.18476241426 -5.23231911697 -4.45209697869 -18.643726886 -2.10834961528 -8.87738308801 
8.27817479026 -18.9738633561 -19.3502534681 -6.12800008915 -14.6978081719 -4.86317556257 -9.40654215379 -0.166966369893 -18.0773012382 -9.5556425988 -13.3340759712 -5.60845326872 -16.4173744929 
8.35098800589 -19.4207791254 -17.935241833 -4.17497853382 -10.9668617824 -4.30454142051 -12.2581692742 -5.92797292776 -14.5102830899 -8.59332863017 -15.0289009737 9.00292006406 9.97673414631 
8.41571671706 -13.2635289752 -13.6554795394 0.0698121689905 -7.83696004658 4.02274155416 -4.74454849073 1.04900841514 -7.81314008767 -6.59757856099 -20.9141868559 -10.976967787 -2.25441811033 
8.21416720771 -11.2022406475 -15.0321192731 -7.56834662797 -12.7472555984 -10.9707954357 -9.87375425406 -1.04359932721 -14.2285453054 -8.24815356702 -3.93484136175 -0.667189219963 2.1129904364 
8.16194740393 -17.3728433542 -20.7895919642 -12.8651590002 -17.8283316667 -10.8096045417 -16.1513599363 -13.9696673784 -17.4142617448 -5.57433169665 -13.0664148562 -0.920178983155 3.02873230244 
8.18554705181 -15.1263741722 -16.781032683 -3.23149656072 -12.5795733753 -4.41715261715 -11.7519939263 -9.02018129736 -10.7438766081 -4.49167361169 -13.2083985698 -7.55670313419 -9.19657878023 
8.44631504903 -12.798228608 -14.5169355365 2.54257402992 -3.7794122348 -3.25425199502 -13.8623749436 -13.4969527865 -15.7333236027 -2.70965086191 -13.2945963322 -12.1376751004 -15.7555791529 
7.93739120775 -18.9975232283 -20.6434988386 -8.11060316279 -2.52128123563 3.92661106356 -3.04654794685 3.69268321089 2.46572832094 4.38330692174 1.79299780673 2.0871570728 -3.98414623559 
8.04520331614 -15.9969719714 -17.4598432778 -5.71061113328 -15.3983237032 -11.4193599644 -13.1697471556 -11.0711137804 -21.7413185533 -15.6849105611 -16.9072337474 -8.61452995951 -6.8888293833 
8.13391504711 -15.8161261678 -19.1581960512 -5.89843191916 -16.1252766584 -10.719257692 -15.4918962978 -2.55555295852 -11.3269173509 -9.75901229227 -10.2712729499 -9.22960788706 -6.30418776387 
8.12681356766 -13.1692953978 -16.3015244576 -7.21501077549 -15.2144716725 -13.2963759389 -12.0136723328 -1.70218160546 0.29126863503 -2.17750056975 -12.5971685694 -8.79110825928 -8.52643895229 
7.96762158492 -14.3632456603 -16.0517139054 -11.4610397446 -19.920931316 -9.23854133666 -10.418800441 -7.74972292666 -8.45496327919 -0.589361428269 -5.79480258636 2.54140984684 4.78946425094 
8.35927288604 -9.07166124832 -11.2345708821 -0.755047762296 -15.6815406042 -4.05754983578 -10.1134530366 0.631401911867 -9.91197172178 -1.95647205169 -7.0982615295 0.732107936531 -6.32712367699 
8.16296298307 -12.6712487463 -14.0214497203 -0.0562326561914 -5.55268093849 1.80842245305 -10.9632625203 -6.32628133989 -10.2901879461 -11.762397092 -15.0303992411 -0.835967111256 0.717487161029 
8.31186360445 -11.2163333413 -12.7192759157 -0.491736713634 -11.2001042829 -5.62581110597 -19.214703471 -14.2216540638 -19.4206978887 -9.45272263313 -5.69706306428 1.52460314407 -2.49832036635 
7.99608098033 -14.9134057077 -14.4517494527 -3.60092688628 -8.25820872764 7.76695676535 -1.960140166 -1.3630782919 -9.88224856939 0.749862504179 -7.88279939397 0.0129831871407 -2.66268743808 
7.97312595792 -14.911035586 -13.9673112744 -0.666489173726 -7.41837613449 0.703366745392 -11.0140354518 -4.68687170655 -13.4237671755 -2.42670196675 -6.49526706595 -5.8631168945 -2.88520325386 
8.28836156875 -13.2649805913 -18.478101938 -2.77741421234 -9.84034602417 -0.21966266338 -8.49573632274 -9.63585719107 -10.0375141842 -4.14876796919 -8.39679960068 5.62367449535 5.33951737463 
8.32715468685 -14.2097807512 -17.5556291509 -5.05926381425 -13.1360718543 -4.41076922179 -11.0157397596 -5.95063207761 -8.31766191127 -6.4941267833 -9.2173195093 -1.64204408817 -7.0959383594 
8.11701501266 -19.1212566827 -21.5611276173 -8.2455220917 -13.361451135 -0.928629937048 -12.8292683585 -16.4687189687 -5.54756836621 -1.42656735879 -2.8194232618 3.28065025064 -1.58719877694 
8.27010911605 -13.9809196881 -17.8015843128 -5.0224937302 -12.3948174999 -0.969619056098 -10.9446652793 -5.19246442748 -2.46092205007 -4.08171623191 -12.2417219124 -5.53129871388 -2.05850079267 
8.353819595 -15.1542632972 -20.55045313 -5.4830217358 -14.9847502498 -9.81141252617 -13.3625134299 -0.8062035294 -7.18426082231 -5.15215958522 -11.0122224611 0.521621610887 3.03257692712 
8.06002982268 -13.4610428709 -17.074580393 -6.27385056614 -11.7196072642 -5.21079871841 -16.4453014267 -5.05002766484 -9.24802246685 -5.17289652079 -2.40593169847 3.35905812733 -2.15906713355 
8.0370039738 -18.4783282428 -21.9997955144 -7.88676022004 -7.15579023088 1.27227959133 -8.5206179871 -11.854901283 -11.3301264351 -6.25251699505 -7.72545655032 3.19521411553 8.6604232458 
8.01547646387 -18.1788166487 -17.4134532169 -2.64105452677 -5.03478042669 -1.70203769742 -1.88331680867 10.6210861505 0.301520225544 -2.96402026894 -8.62162343694 -16.9299329063 -11.076445028 
7.98348982795 -15.6917093456 -14.4361910055 -2.41542125289 -13.0470969042 -3.89033477558 -5.70354385591 3.60557561753 -7.29971634261 -2.72893951397 -7.20311338561 5.67627401008 -2.89847541574 
7.78912883183 -11.129547449 -11.5135450855 -2.15126794718 -11.034850493 -9.62474236943 -20.5359005124 -13.3454644207 -11.8855103056 -5.35767426991 -11.6475882693 4.88384002288 -0.551459921739 
7.92101949106 -13.8095550047 -13.6267486632 1.20720404242 -9.0623288907 1.90083979078 -10.1183934713 -7.58617685552 -9.19004838223 -3.63963626866 -12.5863805684 -2.12290298601 -6.26833933273 
7.78686082303 -15.3408468648 -14.8534014811 -3.80093297293 -12.5486881563 -1.23202494046 -15.6974238232 -7.4730201642 -13.5598562292 -5.68884207365 -12.6687533514 -0.289932736377 2.50068206915 
7.79895282868 -12.1123138318 -11.7506552457 -1.02573718084 -7.69865346287 -1.11926873041 -7.08099690511 -1.26305112864 -3.9100432857 0.646074409746 -7.17166658466 4.16963517877 0.231099741358 
7.98355763375 -10.5335690881 -8.24385964025 8.45320092912 1.61102608509 13.2310912724 5.03324383795 6.26051606124 11.782888794 10.341125339 -6.03882022905 7.39696745517 1.11250123899 
7.97165982215 -15.2506246885 -13.746090535 2.68466366116 -2.303522409 3.84481823481 2.68732406989 2.56816845134 -3.76826898948 -8.83650042319 -10.7378924187 -2.88014355565 -9.04256978191 
8.04758134598 -15.007769345 -16.8202167697 -1.16064938554 -7.48417680756 1.84943248248 -1.74795276341 -1.34165749555 -13.8642775114 -9.72957473609 -16.2075918522 -2.33457985295 -4.91209349403 
7.77935015167 -18.9832878446 -17.8286625363 -2.37762415469 -7.48621612717 -5.65837948024 -20.5288712783 -9.04797976762 -7.20080926243 -4.69644540492 -11.844959468 -13.8529478661 -9.37481847805 
7.94539828621 -17.1592577943 -19.2297033655 -3.90902706059 -8.44662260462 1.22677735638 -1.82705392305 -4.7119314965 -20.6293027015 -17.1338354979 -16.7165500695 -6.91877304317 -7.04896699119 
7.85540823306 -14.472626749 -15.9235556511 -1.24797974789 -7.07154984297 5.46480945458 -3.12700584066 2.93983695671 -10.0272223761 -0.673658295371 -5.85670278402 8.19128234373 1.24040584737 
7.90777723714 -17.5383310783 -18.6926525495 -4.11886702123 -6.37324230792 0.100155992747 -3.12623599003 4.35656829376 -1.87108787384 1.97695613326 -9.94586296262 -7.86574725311 -9.79087052068 
7.62887260445 -16.5837134269 -13.9067888453 1.52812134091 -1.36612414863 8.17986374522 0.898939545116 -4.39749584651 -12.7194132955 -3.63711046189 -6.99071246289 -1.01342928463 -3.13191675377 
7.96379650486 -14.6880309985 -16.696641637 0.711599947901 -4.56035248022 1.78203206492 -11.5349175079 -2.01246354513 0.221493423319 -2.81291468991 -6.75891874386 -1.92337216659 -3.50252976564 
8.436870808 -14.202990036 -21.7289593624 -5.00513951486 -10.7369952523 -6.61842298165 -1.3926517857 9.71908836204 -1.60639331415 -4.91888899931 -2.06395072423 4.59894588154 -0.282190700787 
8.50572055938 -13.9966652064 -19.7666108301 -0.462381546331 -13.2678153388 -8.70450752103 -10.1314883268 0.0903459395075 -7.94284221912 -4.38457558556 -11.7349623899 -9.89853448908 -7.97906112339 
8.25605826207 -14.6203993604 -20.1484961187 -2.16945654924 -5.30832922802 3.30436079225 -3.64011017291 -2.54994451217 -11.2024422088 -11.7195072393 -24.2415360682 -19.3766470208 -17.9843151042 
8.42145852074 -15.4791086684 -24.1496589651 -9.7496281238 -16.1412939195 -5.12134732852 -2.6643936678 1.86315086943 -13.2810472406 -3.42008984496 -5.4112578397 -3.61591122954 -10.4525636024 
8.43528086066 -15.1713186464 -20.577254368 0.882435717879 -5.25943036168 3.77243507039 -4.82383712293 -2.2706478741 -11.5781409959 -3.55316869902 -17.3650608486 -8.95890188504 -5.36772917974 
