4.781096945046378 -40.558967072537214 -1.986887419542827 -8.60737830640267 -0.9599519068723242 -1.0461572675180772 4.158747309480099 0.31300032851610293 9.90319296875145 16.57248583609938 9.215183964252036 6.5488495078232605 4.148414110657047
4.725791365648062 -33.583721969157324 3.3223715706192136 -3.4979743362674633 0.6276327635426893 -2.4724626929650997 -1.4096356207082843 -5.689312936329435 -2.1624853491073788 0.5685294380330308 1.8960165227021493 -2.8791715047883564 -2.8988505287545667
4.694833761213069 -38.52833036223889 -2.0864643086265757 -7.006703599275389 1.817697462539106 2.344583941025071 2.460611367188278 -9.031771915162498 -5.851427620089211 -4.885058163857457 2.3416769031255065 5.214385507504188 0.9658630101859007
4.734316593838344 -46.556560650898916 -11.668838826752225 -18.63231638969964 -10.579486292730316 -5.565036177533478 -1.963368176014359 -4.460619467506043 -9.18446465086734 -7.577143860539042 4.855504743468969 5.736462063917246 5.801041507312938
4.860380019703201 -40.76364393645495 -4.865721503144335 -10.547061523821391 -0.4816067958111027 -0.6227714423890038 3.620708983897283 3.841171951192535 0.25185136558977916 4.902015459471569 -2.1153533234602007 -3.064812966059924 0.0038696865421129073
4.720854209495099 -40.60505602581448 -3.9977324992128977 -4.442796243708184 1.5698169826720647 -2.7834193125219544 1.291632057955022 2.368359721532897 4.145551984111352 -0.7304525301764493 -0.4669612169312145 3.152603933543746 -1.2142537842321552
4.775177854944325 -45.722597262704475 -9.994715986696077 -10.442196541263932 0.17524150898520677 -2.655733341237829 6.627078581498655 1.977716569406496 -5.695755720111621 -11.642131496796784 -11.583057653359537 0.042535388849320455 8.461285140883469
4.7595577785975145 -43.59630002576151 -7.859623555567496 -12.659997060367774 0.09795228273718272 -5.175222021861172 0.24972416714858073 -1.9030982348613454 -8.601029728809976 -16.186300105870824 -5.871699864993762 -1.7851384915372501 -5.561575922104032
4.502686217033961 -41.98609797212339 -6.074123785997145 -10.92127847901037 -2.840611671043962 -10.855436989810858 -10.088196321720892 -4.178753377916305 -2.636579742726995 -11.347320848772721 -9.927567623071777 -3.9558406709041685 -9.114879514937234
4.707877536089414 -45.07936607164944 -7.888083538315361 -13.455484279238227 -6.309464119660783 -6.914767934313328 1.9350867283805222 -2.305579099616468 2.1201311140594634 4.051376107145144 -1.836177591740579 -4.917067875892551 -7.802335908799155
4.815980247793537 -41.665674424758336 -0.21862146350472686 0.19140039344819143 5.303987818750655 -1.8102579293628014 -0.6060516371964915 3.4068752910910605 7.477497062269459 8.467363989137437 0.5572669064605575 -3.158162952508283 1.8178294183341719
4.720355310062007 -36.55821573769199 1.3223551011598063 -1.9408980340178223 8.53845675925519 -0.5353544210537033 1.117158388429736 -0.08514701417213774 -0.14526357926635267 2.4770437463559336 4.497534931069462 8.435618576395768 6.629971182472714
4.849939435250746 -37.79320520822004 -1.0944583628096 -5.769800689190247 0.9433242666884799 -4.907274775916052 1.11459866923413 -2.78180637699374 -0.8122318299380407 -6.62791195140264 1.0080999880718502 8.431594383496934 7.759135663556532
4.8828741648868705 -42.13184674966366 -2.08031664749953 -4.995980950286784 5.675876191976695 7.6285992400760865 10.32412869555351 -0.8007002181936728 -4.639326911826961 -0.40615695785460093 -5.984831754454864 -7.1908406779741645 3.242044038016304
4.782492956163836 -38.36905829949053 -1.7567877199969915 -3.037610583866059 7.821632146212428 -1.2231962802705612 -0.18305724462187883 -0.5822332245781707 -1.8643625920139315 -5.5480354514198345 -2.7735846025399717 3.3841375296268033 2.991383457924796
4.890763094746182 -44.36297780369006 -6.482593884337625 -8.474504657094661 -1.350097337102916 -4.677400879810463 -2.947950823070056 -5.856681616623407 -9.243212056264749 -7.654188516351981 -2.0978470834431424 10.453546285491703 13.325123470109242
4.717021979050108 -35.24660912882991 1.7758179241385943 -4.79515804530132 5.581948626087392 2.8061677846093427 -0.40156325023374656 -3.0038206159219256 -2.6177483242069015 -5.584728396112285 6.412659885353771 16.255988924553133 8.537975525259146
4.6774949645650565 -38.6703219976716 -2.5088278477206942 -7.09955693775762 2.2440904183571244 0.5587358643291321 -2.788107232071426 -3.2696749468017563 1.0036815541422714 -5.56131435840834 -0.8064494594981428 6.305846710301379 6.387891677870865
4.606325912410201 -35.192461664759726 2.4869493184138345 -2.5439376384996253 1.9970346988542425 0.3227127232116695 -0.5222564637730377 -2.7636526250028544 1.2868093113675088 -3.9121601361917584 -8.805203971143063 -11.00078209440443 -0.9407749693695389
4.9315636673968 -21.407091078081027 14.035880183745093 -5.692530467271968 -4.903066717167225 -3.3010277529455068 8.129123131478737 -3.4390271095539693 -9.598205142443001 -8.795017592729481 -11.661602904688033 -2.101947801684399 8.34694203770379
4.752202513344245 -16.765804414311624 14.614957783861662 -8.156669634729502 -13.739691898440878 -8.727204003197295 10.686132948528346 11.361916124387223 -5.146670547402625 -18.21769754296538 -17.19785062281314 -0.4426722589472869 5.156296894271798
4.894986913500305 -18.55448512506641 13.89730127715907 -9.106993370432853 -12.40101882254832 -7.9130301382685095 10.426660248766407 6.56216950909234 -1.2465936839786633 -8.741779183041995 -6.802366483395215 8.94507890070844 2.407563265965085
5.135577587756764 -17.043395909082783 1.9659381914908507 -8.375187031015495 -7.477908850880124 -6.210419951898893 9.073239594962756 -9.417633412674025 -13.960526952836311 -13.036811868189007 -15.611898267332695 3.4991929952668626 13.16645584955639
5.541961797800017 -20.024998606111176 -5.899151349014193 -5.549151689878184 1.3243044371174906 4.987021560447109 26.87872754257914 -10.519182878502265 -3.3947967719799523 6.453590599545424 -6.664827526819427 7.565175576636971 12.527833948016044
5.021237196871252 -19.447770222527712 0.317189801784523 -16.260155099667696 -11.674478773500198 -3.5652257916220673 9.634885143997405 0.127436264481379 -3.0428364984960425 -7.953980098216919 -6.72109067153648 8.825270853190517 1.4092519661671299
4.802134110943832 -18.689854041244477 5.150697558724359 -21.688964907450327 -18.266554038037878 -2.3900783089430644 9.82139810626553 -6.298741586208194 -21.187857896542305 -16.663727934373085 -3.7380296406704887 -0.2656695720091519 -0.46096812893814715
4.897140316213409 -17.351585700911784 9.09474695577395 -15.71219788893413 -13.117670631325963 -2.76161963139829 8.228886887926215 2.4089617369503746 -10.379280921449686 -14.942098837727103 3.4141855088850557 8.454517816745035 3.589143322769598
4.840057178013271 -16.674372018262446 10.801411541791222 -14.439800397382914 -10.799198204200929 -0.4260441507739561 10.754001245182485 2.932724721032198 -10.777770460714097 -12.580586513024304 -4.952919489863548 6.38593548170524 2.2480405271794224
4.965346274814635 -20.105198023803638 5.26545629466193 -21.274101493592134 -17.309694577611758 -5.968159798919174 9.737732256488162 4.691271478518966 -4.409594223738993 -4.367843626729704 -3.6742536075719583 7.311300057865715 15.772189934047384
4.863799764335736 -13.933092870534729 4.328639470144598 -18.99552546800836 -3.081202102358196 0.3902651451896192 -0.05314660515210417 -3.5391177274416408 4.965512828380936 3.3559600181094504 -6.841837649295935 -3.290634102890869 11.743669320982823
5.022649258425088 -15.36543593793336 -0.9186997202678544 -25.152296918822664 -0.9291760490380943 13.228886799615204 -1.2309569123594328 -13.480616789578773 -0.9903611086449139 3.447527171710651 -0.47253747318186284 1.1984983966933203 10.283805927873948
4.960024306632194 -13.966796813765606 1.249878266503109 -24.3569794066759 -2.7423755565742156 13.733202995245097 9.196262476480888 -3.2248564501800487 4.3634477667614675 6.330641282090172 0.62087852691465 -10.330243893117105 -7.923189810781717
5.075986118282996 -16.66351537222299 1.5373117463367343 -21.907222520902305 -6.162215202453631 8.002155366324697 5.301983099696797 -9.40251061643941 5.215381278323414 11.728516518692969 -3.449654933241224 -5.06607636825229 3.37357231927953
5.037410989627117 -13.541051503773344 3.072991616099378 -21.537972313103843 -3.2980368658331956 9.661634066754157 3.9400473005585943 -6.58713294035706 0.9527787298195305 1.9640120469129188 -3.03625485603218 -6.166979254418877 6.021900937618873
4.961050462699944 -15.508119580397912 -0.27402476738013753 -24.191235189723148 -9.126989971340766 6.161671531513474 9.651605823331002 -0.16525806736949056 -1.3998969627308029 0.8038284842340442 -3.1118747150357224 -0.9320492546273836 15.967961451880969
5.109486026392464 -13.836267537745996 -0.6104840561241045 -27.004088288248003 -6.9638343143971495 3.6263946885348473 -0.3982075080049884 -3.913025958886289 4.483619439002224 -0.8144254522622899 -0.3872237972580151 -3.872931439116051 1.8514895849267254
5.08461674755114 -16.757744506927498 -1.7571252155838741 -19.475893297591824 4.559637353450299 10.565838920670865 -1.622706830265643 -7.733508840361039 13.340702750160489 10.679661635566093 -0.5484955406152812 -0.7153273627525676 -1.0765537261562115
4.968123526358876 -17.632729668906734 -1.0214309854784793 -22.998862737432503 -4.11515392533498 5.9140895034480625 -1.7342918172330994 -9.817249647633416 7.954734726658371 7.631620101662762 -9.817990566280228 -10.586545113633733 -0.8849699547343474
5.077150463891684 -17.00629096676204 0.6335561641739336 -21.513639963166316 -3.2808091616619652 2.715270163651099 -2.405279109921256 -15.685188375666106 -8.422121505581671 2.171393904377831 -3.7044271705090592 -6.058539412333703 4.699824852606377
5.072157254605442 -15.4925155238749 0.8367648295023379 -24.35725815660993 -4.755658228037213 8.28810422246341 3.404037012108523 -3.5211771296402894 3.462744633971615 5.5201956178952765 -3.2493706471203563 1.4145357840586472 1.44776761945678
4.9717641203677845 -15.554454319434694 2.4097729597906175 -19.21899701222237 -5.208249628882472 6.840238617684413 8.96350212551791 3.35941881185449 10.044642263342498 5.3290783290295085 -0.5060464027822995 3.364936338479856 9.491183405099122
5.03177322356655 -15.556720723791639 2.707425066351726 -14.270367907517413 4.649491530777632 11.35791480947527 8.734538037705512 -4.205626940772633 -0.7153873359090562 -0.3491486441911254 -7.775404765008755 0.1313097226649027 16.091678379817946
5.031659255784777 -15.460620304066035 4.578513793179064 -14.830451231068375 4.491119663004996 6.6916710364897 -1.5263399700638582 0.8322031120577456 7.1793065464928665 1.8177330994070242 -4.653261641464416 -2.1245646147190773 12.163865429067025
4.9727323964092855 -16.99012564652938 4.659827469286369 -15.882621025766538 -5.1141343237946755 4.498398442802426 1.2811559208655503 -4.393638941668171 -0.6868146852879546 -1.2357995779654665 -3.2555787930608155 -12.263409183891476 -4.516010156576262
4.918057357350565 -19.974115664497223 4.903885019225882 -16.0086217393782 -5.282933765202082 8.225228075560363 1.4931301041040617 -13.201960808705717 -7.743667613375071 -1.8692831135503094 4.826907926157581 2.668522884149551 7.329358997698451
4.984102802368176 -17.612318383118886 4.7631130837118425 -10.903541846989521 2.1961793887085466 4.076112737446176 -2.377348585157198 -3.2824276807752213 16.161028639113436 8.113817678999464 0.5213616081698923 9.254648917030874 13.088646058583862
4.892080741659044 -15.716683519712074 8.024531937086923 -14.195900516006848 -7.464735136557479 6.603327361590009 12.702523610530811 4.085695480853898 1.1158008876662973 3.1929265369049906 -6.508663234611547 1.1030104161088725 13.102905597843227
4.944187469453792 -18.661676227533903 5.805817677903936 -16.46281843113617 -7.505074882839272 3.0936902907484662 11.600608431190782 14.60920380767628 7.638166964006903 3.4294223405422395 -1.0127398005925417 1.0324379151877283 6.528068531415544
4.808985433934239 -16.193268066137893 6.144997026048302 -16.185122362573118 -12.139135560440966 -3.022794497244654 1.7842357693101196 8.757755423053306 12.105885418426126 -0.7831147439038152 -9.930705383057079 -0.3476854497239483 8.816242881304467
4.987983238062383 -18.162400282930584 7.643713990622171 -17.60909577788111 -8.454253562493054 3.592194498484759 2.343702910028201 -5.8041398082529865 -4.787311574168518 -15.265684123198431 -13.047414069355925 -1.1094418362683294 1.8931725815162457
4.876396428057138 -16.974012386545606 5.4513840233409745 -16.69608889470252 -12.798047545021179 0.5998093750936251 6.075463647584128 -0.8080019015437089 1.7239040858157648 -5.41817518254235 -8.359368832290759 -2.565398932168727 7.653716310606896
5.003830455327737 -21.115263913859888 -2.764698641500299 -20.915063628346893 -6.766297133565208 -13.464271525403873 -12.598614252763443 -3.062680048928955 10.901687586187387 -9.626005483685578 -21.64328787316023 -4.197811405682742 5.422999055607156
4.913925242610909 -16.617365823402274 2.6349745293003775 -12.503137873660465 -6.82109586451606 -7.6488371520257195 -4.712979342204774 2.730859723357795 7.210229952205563 -17.181852876415476 -19.38166510619676 1.566444646087196 10.593367069271908
4.89448340688582 -19.05484383355714 3.5823017625132563 -14.721884205412731 -4.637251429631459 -1.7704971119741924 -1.9406125352338772 -0.5816091903210264 4.125259953785883 -12.104591264361572 -27.39874451404355 -16.483651374925927 3.576759003176784
4.891819786170642 -14.911892984808826 8.461828286967801 -12.117402809020636 -3.4427116728690432 0.2580930911794177 -0.3002278414430383 -0.02471403462475737 7.5479478280193355 -2.6157639619110897 -4.814144357379708 1.39318233181187 5.177080733263906
4.947388761592926 -14.651450178240253 3.949508646783937 -16.48527462271404 -4.332684352691953 5.07325866591859 2.4192132500707832 6.908547495554152 14.69912889205321 3.7202754513183196 -13.43926061573523 -4.260885431476952 10.744869996722826
5.1054715832230375 -16.871742927610914 2.5725995651320086 -13.725106590094812 2.24590957875574 0.8721119196898248 1.4576076894272934 1.608820045414562 19.968371869028186 11.485921408748691 -13.298794009448203 -1.4352360160805002 12.665969562093887
4.780457640818291 -17.641622477334096 1.041386828887588 -12.976372182993902 1.98569084780937 5.633768944896288 4.536944568075796 3.048842598077029 4.658668229956804 -0.38650987451297847 -6.582939838897814 5.530594562785798 15.495774158057793
4.956010030792424 -17.82683959088827 4.257268232500183 -12.17838045005319 -1.9791197346444294 1.0330305167732632 0.5688730129794418 11.748382506785367 17.818600385004636 -0.016136244876682658 -23.583249848554665 -0.10434404016039434 15.064633691217914
5.103089982776442 -18.419799882373688 3.85508416845205 -7.732435040216546 -2.5856436237159914 5.784323909676444 10.27424908943696 -7.452516267600207 17.83691629827993 8.964018001973411 -25.44929486400306 -5.534657535774478 17.887562953110685
5.147643639016707 -22.503830027346048 -5.23127789496108 -19.825699129462166 -16.547789000636097 -12.309772524021488 -5.312791063020954 -17.505443844507514 8.267915043866925 -0.8739556298119565 -33.16652169465822 -8.50061466401851 12.938008661111715
4.868799768893331 -18.88613550298222 5.00227898349949 -7.979830600875554 -9.617537493542102 -1.6595143547895423 5.235781178743218 -6.569979054972519 7.301190920067474 -1.624085567831605 -19.19956083190856 1.3327315683932013 15.462627287080592
5.050773797589726 -21.673414339060812 2.2932684132741192 -7.6318819163922935 -8.555591400282047 0.305958152573891 7.963746943812798 -2.068360748326595 13.291710497394487 8.910120947033063 -19.87088588801458 6.3486358198021815 26.666272328433713
5.205063988727915 -17.610182152022382 2.4034586009273053 -7.518217435858285 -6.243398861925132 -1.9880797426710977 9.857458675290523 -10.15246464657458 12.680480459319815 6.391993176936814 -21.374314870076514 0.7429804143993067 19.608422608845537
4.912000779966722 -20.30011904620224 3.2449292594505654 -8.810814361909875 -6.911060462603065 -0.4554899934321399 4.668973703082148 0.018410873512681968 14.531189159719924 8.659213447016583 -20.76314734968731 -7.9425101723713185 12.338821633849319
4.933689870494423 -19.852044873290982 7.7612337791114125 -6.345912290671074 -2.5322330164621776 4.74135628525155 7.387220357167675 0.8770938163347414 2.0703706220213256 -4.217000535820573 -15.415056087266247 -0.03605720208164609 19.93271945626364
4.916593633209621 -20.12300857520273 11.195629602966918 -9.9609795169619 -14.379232233382275 -11.13859151532782 3.683133669570776 9.818838340880333 1.9583551629959965 -7.577522289018371 -10.856570957660617 -8.415906799314907 -5.232536940036496
4.773279739739807 -18.36531257221355 11.009592536773276 -11.969461487382615 -10.814384954917346 -4.4697351261759195 9.098448798365808 10.875352554593864 5.176061430834667 3.0811832435462265 -7.262178916510036 -2.8450893301010582 8.590133307962839
4.833342105094364 -18.40453885436657 9.032559692714665 -9.139058065758665 -5.734502740483843 -5.550661141141475 5.78229932936636 9.761603811150648 9.45603335550699 -6.134814415147569 -11.590422338246494 -9.605400458596383 7.965942245947762
5.0095908021898685 -20.443285292760763 11.638509232544436 -6.722143245020723 -3.3183144792592643 -0.3567949828346083 2.4720046926137766 1.2808286846988568 -0.48086956195263314 -5.189043625102024 -9.576168741923077 -8.087508809205266 3.0075478617738245
4.91110755671443 -17.903664057770182 12.044287361654172 -4.331678646451652 -3.012113580726646 -1.199613377406195 4.702358107986524 1.4927135783679453 6.947658859453919 -0.8912630573280053 -9.31759825346825 -1.0395783666150067 4.512685341962034
4.95080319148683 -21.883506207388336 4.527117089327992 -8.938294672388382 -2.289207536989339 -2.0780246451674613 4.030337363607376 7.738354227636351 20.1389842367711 6.282209893463681 -6.687127788163487 -3.0767586838735044 15.231053610233475
4.924047328875665 -20.976838873057975 7.553818625620107 -5.339271541663338 5.670236653099053 0.4297591976533072 6.6255588263578336 11.59272645949287 14.9267859837431 -8.519235080926341 -24.572899518352287 -12.793370731526863 9.984090640994827
4.815643325897614 -23.09714970056136 6.127158456086301 -9.947713283632286 -6.538479378837015 -9.880624466945736 -5.556476042109558 -2.45588279470067 1.5008185820421625 -10.264187170714914 -17.180113847648645 -12.897527995820349 1.8818879476853574
4.744706003953944 -24.615827154451384 4.582435278532808 -9.714514809449021 -7.729685006462392 -7.41578128522523 -2.681189950379966 -1.4122657570276524 2.413448820971415 -8.719264413210901 -17.187424595537546 -5.0151622667232 6.074932753356634
4.774664066866374 -23.041070440887527 11.232785410407006 -3.0831582896774337 -3.135688991526056 -3.3012683511774563 2.926558562428798 14.660233869766737 20.780181462505123 15.514067590232308 10.51790375985045 6.257226893496271 7.2095063912896595
4.785586617007353 -24.56772472223733 9.277555112564738 -7.378967765699094 -7.428501163715712 -8.699401585693941 -6.4898250488108795 -0.4178943916712396 0.6345884504756248 3.570096957380949 0.037084938645702524 -3.1356474728622437 3.6838811927550634
4.808528879535743 -20.795834920195578 14.46631063923374 2.3061664097274215 2.773006233815626 1.160924021273674 1.1849902299240962 0.007371171254068325 6.045208200613533 -3.174734505826442 -11.662724044758967 -3.6612886928875286 8.614740139949232
4.974546952544859 -19.345679875569264 10.341445598378971 -4.026062249862672 -0.9399620199849993 -0.146776808291281 0.41640352143370857 5.313216511538749 18.30724500663945 9.11776387342122 -16.92948741691716 -13.334192442202816 9.489177272358802
4.924761182107383 -22.707678988594086 3.1291031888406375 -9.046734074257618 0.678926131346371 -0.6456988660548864 0.5835381854149526 3.660359856670411 19.334759640918314 6.087448883899182 -17.777378734911515 -11.473295306900162 6.838164163972575
4.899813439894273 -22.14634356462421 5.660174500758371 -5.619321668408415 -0.02514385554450876 -4.162942957603014 -1.5579940853993577 9.846687748015745 18.92184198000262 0.7984166954525417 -15.464808137435691 -20.866165833933415 -1.5747196888909938
4.963318262888142 -23.177234888525362 5.417176498751169 -11.604113860184807 -6.040827110883974 -12.533861106019254 -5.0580724930878125 1.0790883929008415 11.044101859756587 5.264838924409206 -10.343871285892792 -7.697950682443353 7.67389302974406
4.948371368825234 -21.360390118091605 9.831650822794149 -6.672159228961199 -0.6374076589871163 -8.060287329776774 -5.647215286535128 5.252591490611348 18.143766272855 0.8871486224443843 -17.762295321726782 -10.474886569200622 3.0318788844715003
4.645737426811379 -22.73106066022937 6.538055244476095 -6.509828201967893 -2.6538754545910237 -3.4905442321785745 -2.869598301682007 1.947352622674269 8.621876314074665 4.575871559339344 -6.638560604221603 -2.348878938826803 7.344347289339716
4.938782193472916 -22.620907175506286 12.211613875730865 -2.237736992220852 2.1354349846995913 5.513393877568025 9.84923350572249 3.241095688014628 0.7831686081923447 -7.733272446749356 -15.660901606040403 -5.776350654983714 9.522747600599905
4.78146822926598 -20.933687804111006 9.52915785767003 -10.844432640448986 -7.0909899096948985 -9.09805644084443 0.2126713389724333 8.138660778413799 1.0511298038585861 -4.515005793384489 -2.95848960152915 -1.3679912693837126 6.353585530432859
4.746714155438212 -21.276885922850127 10.481369856832762 -11.51193525372623 -12.733847615587427 -7.515634533935672 2.8672012642759097 1.6636394718223049 -5.443279899802452 -10.20850929169279 -2.256931853248555 4.8018711175682185 5.104406982062528
4.88725563972848 -25.477072716322603 8.661261203968559 -10.45640330936929 -13.925924542942038 -9.59505966480404 -4.073207684150644 -3.2207966473090757 -0.719762854063796 -3.7729780111907156 -4.908105554322274 -2.228192222833746 11.742502081048796
4.939531234961653 -22.142838024663913 5.726919885425121 -8.109366795436918 -5.526549991340284 -10.086532481053192 1.2190450558767747 3.9404862800570455 9.835204790885564 3.219557816045352 -11.408131520465062 -4.715413707754868 14.782568440277387
4.870656514346385 -22.456098716419703 7.280290727982358 -5.118647593915061 -5.508023641832222 -0.9650708949800135 12.374942182100483 2.6145295849056254 -1.5288509331131048 -5.064722534876836 -5.254700099953422 3.036760013286602 8.542444861275987
4.9046829395632 -21.127797671227185 11.542945242769715 -5.0431473014324295 -5.72667885054697 -3.1047392607921607 10.664333745667266 5.125537325897662 -6.16970079306243 -10.284979102013239 -6.3410320364013435 6.303678222593569 11.28762821372699
4.922174847826316 -24.366933351041222 10.665659622946377 -6.597945802394931 -7.352064884421768 -5.267173094534822 10.647267576487808 8.137044896881322 0.13377420276313792 -8.763227534121336 1.4756258498773216 7.874009635806626 11.599178400006485
4.797950469158566 -22.488659187006192 14.519468086981838 -0.5697615294198783 -3.441109989708528 -6.193657123384127 0.9429505399709647 6.579129722804356 0.6872127339719433 -14.43992551990353 -14.861080869503725 -3.536827857696138 -3.736868256058925
4.946216288038695 -19.928661926420734 13.439299429397883 -10.346440399102312 -7.743431045018563 -4.327190867776214 1.212930414365305 -1.1649126773779142 -2.300795493432086 -6.064206344467628 -12.617811495803172 -17.852058098359016 -9.336673145670149
5.4833829691299085 -4.92890011626238 4.095690266064277 -6.08484019292118 -4.54763232361824 -12.039380552653228 1.3105481712804867 -14.150297454727907 -15.173896769144447 -4.123374767459599 -13.522994317832556 -12.267965562801768 -2.375337855560809
7.616056852695937 8.958980776934668 11.915982045455246 15.407456221596943 2.3769985291091356 -19.932541991543523 -4.179459104278296 -13.558562102229256 -4.396647544111846 4.372486651408823 -9.262193768808746 -10.597643677184278 -4.822678188275334
10.958335505374112 18.331868429974637 12.753509387718113 18.29250262032589 2.5446467356675506 -2.6209793623050346 -0.27827552072538314 -20.997250119511172 -7.935390604477089 -21.16408087169578 -27.96415319375137 -5.849694516207842 -3.5096385789277162
13.199893378900075 23.909987710486007 15.475236486250775 31.282567060542632 -3.933756863882674 -11.606569222538893 -3.9836388009027153 -36.936779199140815 -11.007651072129987 -18.404225573518808 -24.879015534687092 6.0007396334724135 -16.665415229652403
14.12284607324164 30.390175442110483 11.8088192512609 40.073082294096906 -16.260727270561567 -13.213665343983294 7.4608211725238105 -33.1359606903615 4.414461625661639 -16.52142131308652 -18.161663244974207 18.16679096489271 -20.480347136758066
15.265108124356956 24.544279377446973 1.4897357902139663 39.255724222821236 -2.2429471418718476 -16.441676883290807 1.405458303763454 -26.834735026811313 -12.579230806011964 -28.657798813023753 -18.226230099177943 10.997930868730542 -35.950719266040124
15.891839166358455 20.81155330631556 5.25285654460485 25.685192516893462 -0.18253391577865963 -10.071506665787426 -1.2657591826004784 -25.29861015137575 -27.467782976050657 -31.873254970623094 -18.37668745099425 -5.030713340541999 -28.00561202588909
15.963602077012531 26.904593154190977 -0.6117640990000837 35.598157159954006 2.421130206444843 -10.309986794955355 9.30942049076398 -18.13150006950461 -18.851063296080213 -26.987904761968736 -6.827421071228976 16.5366332360256 -21.77056609400847
16.397416541415677 36.57314474512104 -34.16945862255885 33.11936479601675 13.295124991812937 -10.086706471467496 7.896853225535271 -31.528156345211258 -7.338716680276365 -21.308588677453063 -20.104081386002612 12.939245918755923 -16.14018886955012
17.429894813893277 28.205404088634005 -38.85365713178891 13.141239669229059 3.945960132360341 -23.388261447338955 -8.32023601003975 -45.738961676639654 -20.542335988296646 -14.124136218851627 -31.791517197003017 12.297032645956333 4.888291760430654
17.845879486912068 26.52895963387452 -44.2719336862256 19.72692163245193 -7.414976504120605 -13.893255409036202 -0.04612848910207596 -39.04316148044982 -1.4309088828293328 -10.260012972989387 -28.738111904418314 22.40941843835099 7.074537272673401
18.735312390043713 15.39321600181723 -39.19637987119638 3.2521581557528223 -7.101980425010568 -12.997239381535215 -3.652094078422726 -29.332781747892565 6.6526639733693305 -13.4501984494245 -16.55810019401088 44.159132835932354 15.659808426470661
19.0791611266657 12.493143495560279 -44.608241161177716 0.68047327171437 -18.281072013800298 -18.576604071000318 -11.30714405533069 -38.88391237135036 -7.765990871711509 -21.95197843762687 -23.164215274236685 37.06101789754411 17.422798230898636
18.83788248675248 22.080489298285066 -39.06473102552536 6.3334104053214615 -13.564950235698584 -16.840389215250138 9.121515744118538 -25.80261408015705 7.050705027970449 -13.842106546548553 -26.140375264165403 41.030724282366506 17.41464735555067
18.742096738276413 19.48840316197884 -33.13433678150133 2.0588943642117634 -13.677594207872025 -12.765570332069913 6.430663094613873 -23.15279295158417 2.395610818218145 -15.159942552673739 -30.190627870130744 29.73463302097614 21.250381145818142
18.97899696076096 18.732874578096453 -33.02834732800583 2.959700186121023 -18.338648040950293 -12.429275013211114 5.394751964817025 -16.17563809360714 9.74696996007229 -18.00781243812219 -30.639315983117815 28.88687496305718 24.159876381287408
18.925209232318007 38.2577068861459 -59.54738811477465 24.649259501894996 -24.23272342552325 -21.840245902960522 35.232819823233996 -27.596568367496896 29.083795578527518 -31.657541753118373 -35.05684868760956 41.42343422955818 2.795677890126451
18.600835195524393 33.000997087712854 -52.27337539606565 21.3099392404531 -24.440769948264958 -15.8576196257797 31.98781157944516 -17.057055805172144 19.86741912576487 -23.38878553847082 -41.80501859290073 32.3547243642281 10.209064843899219
18.006501914931334 26.37598192621562 -44.68853386906171 12.503793364888514 -22.46468487850944 -15.089299723404785 20.310057778920598 -12.317180395634304 15.971159180511547 -21.27933249305914 -43.83894321096444 20.755951485778873 8.862669664187989
17.547163116072173 15.184536586845407 -30.664022947490185 -0.45535511097530307 -29.570576912880185 -25.41377148619845 13.138923870191507 -2.2674544725642996 8.86425875738878 -16.2276598209363 -33.86208690557494 8.742556724478646 0.42723123162738785
17.20498884170435 33.90254468234522 -53.175933392632494 16.796975077424353 -33.362087119117774 -40.71744114789662 24.494060405695688 -21.973694559003775 18.352035342573128 -34.25101804598009 -40.591450306349806 12.21357648147868 -13.124016734756303
16.663545037736423 27.48919150299517 -48.91858126435048 16.122668695788025 -35.96633032094511 -35.632972237821896 28.965675026957346 -9.821493176990234 6.957423440946092 -21.14224134742369 -46.86668472316525 7.08605950127563 0.11903924098616747
16.76508535413665 21.39023105504596 -41.60678013881128 13.607209404030849 -36.37411479507659 -26.799824506053955 14.489781360642516 -8.246837468167358 1.1485763455277571 -20.513964427265183 -44.973573784265064 -9.799587868963805 -3.3989220722351194
16.616948478089416 17.126102345867444 -24.011940474013592 12.019399596545442 -32.65516450218541 -27.180617271671057 22.155037471564967 10.090717004464661 5.396173410019975 -6.922872082937647 -22.295718044549183 -3.632736692894371 2.740704770884426
16.001598435899833 30.370402910883552 -36.856626735423745 29.558532324223044 -32.490124301430626 -40.44289190102349 21.603042092872684 2.933850432761203 7.0643511323322 -23.951904975683238 -43.366919168378246 -8.993906308850386 -3.047168327960754
15.21596997286283 19.57141358748437 -18.668772996025805 16.87693488374284 -25.392078649822242 -40.58579803888926 15.366839329865181 9.667776295006387 1.287668539214015 -15.746240887018788 -33.627711096999114 -7.2840740093048595 4.267955764242335
14.540684354136422 25.61404152536211 -30.616905593613087 24.21489921865504 -27.809130503220747 -49.82979857535219 18.478297831226097 -4.97376243109491 -6.210186196699156 -12.548084383368359 -40.266511330489024 -12.127641505380039 5.262389494272632
13.780283752287541 12.959797515100222 -13.843560268520552 21.29107926911167 -23.65070317520296 -53.53058145374815 -1.7633599519964573 2.198067745497983 -12.701104894565088 -21.176382946866287 -33.116139257946365 -19.222469595156902 -5.868495317600758
13.148337999899965 22.188003394372743 -21.97242725114657 30.287365807309442 -22.44201944014514 -55.450129738576905 7.752819747765056 -2.590069351252304 -2.2293335292978163 -22.846123963813987 -38.98105525710269 -10.73644888847172 -15.954295341717508
12.328356195899977 17.117866122056174 -19.161346509725252 17.58135003917296 -16.899717961137032 -46.69201918169061 -5.978066483166188 -8.500206424697424 -20.829894457528493 -29.00245176249392 -40.1593795422516 -33.10449667000121 -20.93135402013395
11.800685188033588 19.00997491784307 -16.821669758347078 26.807750908887666 -12.192585388132569 -48.744838663925805 13.273739270247233 -17.244767113006567 -10.157231102438203 -10.655653035541329 -44.38611593410886 -18.73129932502773 -19.947329246341987
11.354587831382466 14.554824169970516 -5.0876653023529546 37.915881412419175 -1.0142719502952198 -33.66909729651358 10.673835003946527 -14.18336088145901 2.6201359372621793 -13.840103809122043 -32.57002706546992 -8.40413668461633 -26.15743593062676
10.727099227762853 15.310533705026108 0.8116402562130963 29.852687067936333 4.128263607943173 -7.261049332787557 29.52220399536446 -7.2009679136986025 1.0810482710081657 -7.263736467006399 -32.089152771235824 -4.0225177324452615 -15.634431157713625
10.090542279590302 15.847859953886196 2.6238139958472004 26.436536797916716 -1.7011517169935613 -16.9208320578306 21.27700960405796 -10.157155458678364 -4.15744568636057 1.22782256267405 -22.230179713203466 0.037793464971534796 -19.492091162904487
9.228012222065646 9.368913936561858 -1.8747127549115903 23.69200537400378 2.1350473445215856 -14.395869157713294 22.345862534561803 0.41733705390569054 10.305129762924915 -6.717038755206176 -27.17255187647497 -5.878561424570879 -19.52784544045001
9.762309766788059 10.178787305254255 -6.045828717768749 32.39942859270252 5.811586454900158 -19.669100503778324 29.611451941836258 11.338691899211797 -1.5629160436695384 -10.07544147848966 -20.809544035248 -5.476898603477388 -15.002345909490904
9.400093761866907 4.849746508677912 -10.662040863632885 31.510979861696374 2.64390881758362 -30.12205062006038 17.99638832785116 -3.7721733972062466 -6.485244639432595 -10.109457558685078 -21.472038103447424 -8.558581673382047 -9.822676596178106
8.97487978727541 7.722794242234462 -5.7604871456818865 24.093536462878923 -0.5716242186223024 -26.5276990372626 17.625717604811335 -7.405134277905869 -13.716491063819417 -20.1163370523689 -28.63693352956827 -13.239168879934853 -10.506153212348533
8.632801767216877 5.317952638202749 -1.5925297008025414 15.863835919033354 -2.4151092153517895 -29.242620490671275 11.844349777804844 -6.640586347821295 -14.60151321039336 -25.862402837007764 -43.02333959618786 -20.85537528303828 -20.221852735447182
8.651209317739568 3.2379678884678538 1.945754936496975 18.374756047341204 -3.756469127409787 -23.45237200868085 10.978892164427965 -14.501565102604967 -27.83192346089765 -28.629860319292828 -44.305345739120924 -35.86613440382084 -28.2132802785232
7.744161035045817 7.185984765859329 7.350143859506452 20.660502652735488 0.9572253398816668 -20.466799185864538 15.202635126030296 -2.2898589654981762 -6.384988823017233 -6.231744137577958 -21.72160166628761 -5.708498891733879 -4.627878500978903
7.356975904247507 3.9614663299146384 6.866966369288595 20.865906746802946 5.556848282871186 -12.605257626524681 11.944291815897333 -4.221275277603021 0.0477629322337122 -4.058692287817754 -18.03009328202705 -2.612204453748678 -0.9354073951655998
7.182553476755561 3.494021061548076 3.500462662243372 18.130157284406273 4.881906369528062 -10.5279301193137 21.7203271608838 1.4564292468560738 -13.072812624328733 -12.111692966437456 -22.437490021175694 -12.258908261373445 -5.227000163225296
7.2049984356516745 1.2834899397833417 5.075772013874862 21.171089495964384 9.933444670406343 -9.758439733607801 12.093881277424527 -16.967458936607475 -11.173562378222126 -11.322494994574136 -27.406566773442684 -16.579088934162144 -15.76799612206045
6.3434451515751 -1.5547715938569042 0.30193995638642007 9.259892159323362 -3.7003950984323826 -15.83946648856082 13.128265573925914 -8.336362054533273 -12.467872195848662 -7.9665257003253735 -10.39337713705448 4.506843779461421 2.1934906892919366
6.355166402964635 -0.8316673039144481 2.504375695314039 12.660210671213859 6.224506101453862 -11.145786300458735 7.976582402861079 -2.19255248570074 -12.735399735938318 -7.380208232242483 -19.55912931343272 -7.6732809831988265 -1.598154387696073
6.347545870162134 -4.752395439663561 3.6407205383840284 15.79845766070981 2.204410633184245 -11.872293937429102 11.693465892504927 -10.803524984473711 -13.81482788544652 -3.080627871716936 -10.168387395218065 -2.344123830112915 -8.417997307821176
6.004741444499061 -9.995082613961028 -3.4620166184886116 9.678398400282132 5.130948093656895 -8.183954815207672 14.604495972029602 -12.229322092417812 -7.782093374706722 2.127596001058352 -13.925422344301825 -3.526381556436199 0.903768407442281
5.899620057005787 -12.649581731908272 -1.3774309585293856 14.525674576977595 11.068819627703675 -1.327906767620819 9.78335945143025 -13.490168410996251 -16.493459597816333 -8.164364409366941 -15.41805570490442 6.400818818535627 5.09623368847411
5.818596570912104 -13.780366018425127 -2.3287933804959655 8.265188299078645 -2.0738042246866883 -15.87958859161101 4.747675992281599 -12.736898399958188 -9.753862555748107 -10.034432123739993 -23.43950367766951 -3.982330756252818 -5.700228180331686
5.811449256765609 -11.125742084809307 -2.829535967176921 4.715655110324519 1.4852205547547976 -8.406843142768542 10.376592920409893 -9.06156994797811 3.5366066795939575 4.885908222293795 -14.318256499322585 10.076600689795077 12.471558659741989
5.815888370831776 -17.06315521106899 -5.2835534737910885 9.128125964802074 -1.3356527582915885 -10.936718824469665 12.254625070216868 -19.36947924862765 -12.240927335290234 -3.771072151708315 -7.496247684777724 11.41217603563257 8.188737822061459
5.673196385867461 -20.902617231335025 -9.110164927800325 4.418467908460282 0.8368250793457244 -9.21714758010705 21.56546300632656 1.7208925022591555 -1.5112782938628502 1.135663968786774 -9.809593945576756 -4.125592783001305 -1.5379322488990388
5.37090632970425 -21.815022566797175 -8.748251677390705 2.4596225480058838 6.2975072482621375 -4.188797104160799 13.584471282099717 -3.8943966590146815 -8.992188905968446 -12.204163938533519 -17.48162605174516 1.8118538658022676 11.317533072388082
5.416776959746078 -25.272918294871797 -9.666123013323965 2.5862617506125187 1.163864410290051 -19.352686936119095 -3.68469193706726 -15.976591810374638 -31.46124889576748 -12.402933072325093 -13.003397219754005 1.5295513690547846 9.350122911089487
5.304618428176006 -28.33375544774921 -11.590970243697747 -7.248829832104304 -5.7320645682441524 -11.458056976131857 14.492388591860884 2.15865604098108 -6.894058602716605 2.5058332134303507 -3.442567290881782 2.5009799179144445 13.465314906779593
5.181000132545466 -27.656774995194553 -11.296662879983622 -5.505429984355064 -3.3605945479192836 -9.906517960239654 11.006644976026012 -2.5096610882327175 -23.061380030065557 -8.516833390203518 -18.577359607293328 -15.095590987393438 1.2677134559743835
5.16991012657191 -30.29424106172607 -14.506962329995833 -7.966964424344283 -5.390058002666934 -8.211218551687438 11.778126204664385 3.4822020469911332 8.644308917648228 14.152902015838363 3.144093951306196 9.339551390161798 16.27937881555868
5.16379980925151 -27.181466702595912 -10.179641798632664 -2.255017321157271 1.2292327963923317 -8.064436756110338 10.8519965063907 0.5189670732642542 -7.1684221424317185 -2.076995920034543 -8.727979349883594 -7.552327801212604 3.67275001654676
5.199052730815854 -31.95263132774956 -15.336826553455582 -8.570148450956516 -2.081927493084621 -16.412145391423287 11.458134573340484 -2.2292200434989 -6.011565006910982 7.107061711953722 -1.689947979085808 2.7260042588370452 10.256249444664508
5.077342353367754 -30.527911529817864 -11.090878279177094 -11.750397807421999 -12.301761775675828 -9.086015148914589 13.435946292209268 -5.11089871151768 -4.909975592733996 5.216179270376573 -11.75384804734012 -9.092303405186781 -0.8477757168579179
5.138976912052032 -28.71235926378097 -7.2659883754127925 -7.09628969751228 -5.351787227575655 -5.3969997093074555 10.251437498691784 -5.600786788345278 -3.6513958334094623 7.083832431453439 -11.748691414457959 -8.763132852492522 8.388168079808
5.006491329096354 -29.897093449984393 -6.912313357501445 -12.953083283082163 -6.442089202248566 -2.819941938400634 12.961774729196794 0.969478805183306 -0.2016173784720697 8.792477069048054 0.7297049800886409 -6.682752985374969 10.693176610884587
4.965031225297409 -26.8278993064298 -5.772935874518205 -7.855204415946635 -3.9865157034638505 -3.1117911387877073 8.548370284537228 -5.459752594726906 -1.7880509639366589 11.161791563168984 3.785358111886409 6.563341316293517 7.310699534160957
5.061950303873026 -29.57932860963206 -9.021523657115624 -6.268639563860982 0.9387986087819525 -5.701471982957273 6.981006161157164 -4.509542892738777 -6.182898853926667 6.452152459773164 1.0244562903626773 8.538240323723198 14.139440785667734
4.978424263115945 -29.427319448030826 -6.789692170623707 -2.725765709424384 4.586996196358694 0.734298648768346 10.66880809095371 -5.1818543144985485 1.1110995929568384 2.647250172819557 -11.344782801248906 -11.563118705952974 0.08664574816190537
4.981644630303286 -29.630531500444683 -5.313726220547583 -2.570943935101284 -1.126145909461719 -7.610465847404616 9.496299346212991 -4.9667424696520746 7.949037984592704 10.713352888620307 -8.845202658926729 5.179837341790773 15.772945031412318
5.1733919366140935 -28.21685286704534 -8.123998459146023 -0.1537875600955991 2.9351538969515487 -0.23509064135422045 11.4778059800941 -1.5858535096205226 7.063499465013819 8.252088390421688 -9.129564739680058 7.18866510341364 12.077829540200865
5.798780634314765 -31.585643925640817 -21.35362906044783 -1.7685077027716993 4.887643057283956 -6.290977788508187 11.065167461022206 -5.862239664710044 8.224399876138708 5.997135571802517 -16.47072058690988 6.702338132825206 -1.0524289915619605
7.744027498938213 -25.76270379317172 -29.449645973940555 16.999427999110253 1.0211478745921196 -12.256341644384282 10.495715668057812 -14.58679210437736 7.8006988677820335 -1.2941712685072426 -20.504797391660006 3.317858413915262 -12.71748886719277
11.399234952545125 -29.841988630583696 -52.417019886472396 36.179461277565636 -3.113000309185169 -25.462937033310002 11.37492174913158 -29.060316429948397 17.774072198815183 0.6518992535764132 -35.191036491579 12.541656776357486 7.421612120154161
12.175957842433544 -12.500183338980115 -39.9651700541684 38.79647439497845 -9.717469702278132 -13.007783573744037 15.345367630506871 -21.092419096217156 11.389163427525306 -1.44796433768827 -14.348972729714776 11.42002646032828 -4.86880263260212
10.791249638950733 -17.455490546309512 -38.35620281901289 34.10511665567633 -0.7305670558854019 -25.512120851743756 17.883967261549017 -15.076623920620726 11.111502868054782 2.085167264171726 -23.92850091709276 15.873351256662335 3.8355965065133684
8.65593471252344 -27.58870129039707 -25.174605443377125 20.9785028525414 -8.781109269175017 -8.88935858555429 37.94292230863325 -9.027628646291 8.317385082997259 11.770554764427441 -10.03576723452014 19.853432600432235 0.6750216544767149
7.301376320673176 -29.25017134426985 -21.552854792998776 18.204776845312036 0.4315524946777619 -14.010274981508735 16.629456812206346 -15.729420355321304 6.115262336109136 4.150172650747264 -17.03604205784273 13.070445261103766 10.093617598935314
6.7311121318045855 -29.54194418231745 -22.868085681904123 10.21223993120835 -1.569345314144837 -13.340041934295192 17.65178514255162 -8.269552333606306 4.4311996561947415 17.309469381722554 -15.15336060005594 2.2775815000785586 4.744711914888831
6.185533638079109 -29.08440890452703 -19.21182271054643 10.43711831940483 6.107263567842374 -8.287100343813254 19.11614846470094 -6.722720781925651 0.6154219800635704 8.742697255200845 -9.612512975458737 8.525155321182817 7.527873353158077
5.782959784543568 -30.147548075888217 -11.852787770627485 9.74364506830154 9.897021556863365 -2.852010668221344 12.976418653656978 -13.806121469516572 -4.792320767526608 3.3049527271144377 -15.663607073228865 0.3360392867869013 5.600748227884649
5.631539027917698 -30.397066009599904 -12.744999042651731 7.493727994430035 11.5392685782386 -1.4894866155200797 12.303023984470958 -9.123275941530267 -2.4163609305792 13.3088140129219 -1.4578997973634422 7.48093031932971 2.2444203526215007
5.403781417470903 -25.83700631523529 -7.507560655379315 3.899290096985038 6.9008012180722345 -1.9986870267288697 13.725411079636228 -3.8199822794441567 -1.1922299097624487 0.33880733960503256 -6.671668923087062 3.737427836971913 9.162735868596249
5.223169146492779 -26.001981415340765 -5.318385096189574 3.120425961838207 1.231451220880867 -10.077561812655173 6.221729193175428 -5.284029722654419 1.7367205687486655 5.899384695916096 0.3545081248838883 11.476374766512285 9.45343676810209
5.145360319760462 -26.173313456803562 -5.404861674718316 4.59387571539752 6.579531220445951 1.2151873854506439 11.282957409222147 0.5543806519850187 12.137663459303916 4.713963589881538 -6.165241546281398 8.127094780128573 15.985844803300745
5.104709295847994 -31.974020695569948 -9.264709720901086 0.6278638286794765 6.09901531660972 -7.561579732070677 4.751790043997464 -2.0114822987007432 0.3166151735950211 -3.803170701853717 -18.93511701111909 -5.134608824676604 1.9550486630393418
5.096505950181603 -29.93567191618745 -7.5058134536888295 -5.065089265550472 1.5229840795664087 -10.756186738138743 0.6999101223916672 -0.3075360571958907 1.3342350266383456 -3.0639892738677874 -9.389215110225415 4.202209674021613 11.6153488883352
4.9786076711331235 -30.502659941101367 -8.597576499115673 -0.4902191102459042 11.081131339176846 1.1309736714843963 5.4448511060871825 2.292191807409343 4.003631609084362 3.4973779242913663 -3.443961038962473 -0.4984354467997507 10.727896793064367
4.901860264933575 -30.71923666125668 -3.1422896294809113 -4.644546238542229 1.0876504996487215 -6.239032151399523 3.769712679915925 4.804867971310103 2.5763333301066056 -5.096010962482685 -9.040152808241702 -4.106369057654318 1.620797594576345
4.9372194651686385 -32.068519173395664 -4.889767968780776 -7.4356824028874735 0.11800473527847116 -6.238688868713434 -1.3864387313698145 4.754091537079984 7.396948008584963 -0.33133168323379825 -5.786357785845255 6.8656204341885845 11.310143307349417
4.864303834988256 -28.455531968559544 0.13669929420465401 -1.9443626744163423 2.1110403377078657 -2.58956643708754 11.115653672280303 3.4640834028395244 1.4706695213132477 -0.8422413606971799 -1.8081476420088418 3.1839142597472607 4.938073455338388
4.969560447787463 -30.843746349696254 1.8234849026086233 0.6236000049571176 2.310516895948168 -0.28917846703348105 6.061275891387287 0.15310245106654827 2.2683453790750034 -6.854434755906998 -13.336557229447207 0.42659770035079025 13.920296828708489
4.879708246801805 -29.469654125477522 4.074741097745158 -4.093113065777105 -4.162224789196411 -3.7096469971354455 5.964924278252797 5.683194113648354 1.3984068473679414 1.0483343414815132 -10.077314003639563 1.6866035522248943 5.880941957220797
4.936473642416878 -29.568122220236567 6.416916715174835 1.6125813073194404 3.0784436083002458 -0.9600981297290963 7.352065429571316 -1.3692508605935336 0.5106315245732042 0.9272849812513185 -4.544641565119389 0.3841092250800049 8.155421765864798
4.881050665243062 -31.84492891907565 1.7448091434685655 -3.988105073373016 -8.462574833452248 -6.271530185550413 9.084618890428906 -0.2820121306946889 -4.42257032742132 -4.8803362820433405 -15.028714997927196 -7.515083739892866 9.396668735179437
4.974834450683232 -28.920443715710068 1.1122573207110251 -1.1023459042105193 -0.5680250073050443 -7.148779644221057 10.77658479857818 1.7231410957939766 2.6896933688846243 6.069731428736372 -7.607829401341267 -3.6670076225879393 13.575784064896041
5.086689168721134 -26.65590409962037 -8.590882645578056 0.1452703217780497 3.5666225492539163 -12.635106837775671 -6.047457674320306 -10.018347853784299 -10.690551958188152 -0.22430658398353998 -2.368800930170225 4.163278240724323 10.87209286339123
