5.85087756612 -19.6035984897 -17.1442840595 -9.96255273155 -10.807963143 -18.0426793705 -13.1721777244 -13.4027010124 -15.8033373973 -2.69798368627 3.259606737 -2.34073714353 -2.83111964517 
6.53732592337 -22.6742787232 -13.8219350135 -12.6178214093 -16.1755716492 -18.4625876656 -15.1421550951 -21.6469344677 -10.2150928509 -9.72868561414 -3.08788056487 -8.87124037064 -5.6176689289 
6.5777266004 -22.0417218823 -10.071727488 -5.72533609413 -4.29539401048 -9.87077293634 -1.96878197453 -9.29274251609 0.721147417172 -1.4934775019 -1.54053855661 -5.78232426434 -2.65121920894 
6.40433941529 -20.7748420179 -8.10475468745 0.15588038161 -3.52747337658 -11.722411845 -5.44388454639 -2.41498170921 -5.85844279317 -6.27781899858 0.820677605217 -4.06730967671 -1.56487920839 
6.65622829848 -20.68473434 -9.50483491825 -10.275910455 -8.22226906422 -12.5810782576 -11.4369157045 -26.0558111742 -14.7906980497 -24.7602921531 -13.8579349977 -11.8218096461 -9.87039325699 
6.61149310905 -20.857274076 -8.48442356636 -1.76161081548 2.62506803882 -1.68297167459 -1.32624174346 -8.86811055212 -15.291472599 -9.8278345255 -6.4312178216 5.41174781128 7.14122926664 
6.77360800321 -18.581780455 -7.7424635733 -4.27039746681 1.49934546588 -11.4685714558 -8.56215964806 -11.9842740555 -3.2507756182 -11.9251594806 -8.01724647275 -1.37620244995 -11.0260683617 
6.57001872701 -20.0410902141 -6.44186504468 -2.30215182743 -4.49357093506 -16.1952637466 -9.38066791283 -16.1021294784 -1.61318263586 -4.64076964859 -8.05220575316 -9.55772519975 -3.53046058412 
6.66473142532 -22.9716080648 -4.26766250903 -0.595080859633 1.9602950218 -6.95912289285 -2.73661142853 -12.3210340304 -0.466463403208 -0.137030799442 0.598232033468 -6.56226193483 -2.38087346344 
6.59424694879 -21.4684608266 -8.67859853473 -6.12381533189 -0.0743605638002 0.220622860292 9.09725479753 -0.104964158851 2.42579403881 -0.174347040391 3.26125121271 -1.85991663465 -3.16286067978 
6.73509930319 -20.0795110491 -9.87832747845 -7.34502057458 1.80170632117 -7.14878101669 4.29580806788 -15.6227026661 -16.27219204 -16.3028209457 -14.6589496885 -3.75568697794 5.94850833007 
6.69324229806 -20.4556758757 -8.00664528879 -4.71654672494 4.06193288274 -3.19540360634 1.75561478969 -0.724921518834 2.6038005089 4.71211647777 -1.88850935252 -2.18195118809 -3.32051079811 
6.60769959025 -18.9466538496 -8.78614043087 -9.17350640237 -2.29006465732 -4.46281133159 -4.62302325478 -13.684161349 -10.2605910958 -9.15284953471 -10.0901702279 -9.45161787447 -10.3251034804 
6.83007795725 -21.0581267846 -9.08750832151 -6.63421440295 7.58432974652 -0.378098845251 0.225307826816 -9.24517691504 2.36257303178 -0.70306853764 -5.76654149463 -5.08418156091 -0.205745438612 
7.02672783639 -19.4598650457 -11.2894862195 -5.76622173754 -3.18751398947 -13.8974399721 -6.43846620824 -13.2034064201 -6.7791000147 -4.21393892701 -5.74994432347 -5.86641013351 -4.56488124215 
6.99875115775 -21.0936167435 -12.4583158948 -14.9540594746 -13.2332668957 -12.2399943827 -4.15443193315 -6.20538865195 -10.8546198192 -16.2427044556 -9.92833188626 -4.6492680712 -4.85713513621 
7.11098547222 -19.881403245 -11.1272132707 -9.68232621001 -13.1281888885 -11.0890715168 -0.507467633782 -1.42875025196 -1.57333253301 -9.74164722554 -12.3317610203 -5.3868335629 -3.40410389827 
7.24347230598 -19.3048040556 -8.53105921625 -5.76845340622 -4.65483504239 -11.8074278998 1.38125792108 -6.8360912965 -0.462224492368 -6.57635828923 -3.7684631209 -0.153895817465 -7.23993377898 
7.29924742038 -18.6095476285 -5.12357375069 -2.1981954798 1.76069672273 -2.73006066851 -1.94423985427 -9.77107282277 -3.15846931189 -19.7896941898 -16.9320221409 -10.3201528599 -1.42308156728 
7.34056308736 -17.5821133304 -11.3285526281 -4.32021734842 -6.88649495098 -12.9265243336 -3.65558650239 -6.91357255836 -5.61870758736 -11.481350947 -1.2836473526 1.490116456 -3.4046534931 
7.42431778808 -16.5722110663 -7.49979266032 -1.3268041964 -3.49547527949 -7.93667495835 0.348449655281 -10.2911786986 -5.66960877043 -8.73652407327 1.51591368648 7.15833090447 1.52008609667 
7.42158822244 -16.8498005016 -7.7112138066 -1.89476304293 -1.29636393113 -7.04644206565 -9.67330202874 -16.3082259992 -0.43307605793 2.11074788824 3.51950702237 9.82424519015 1.85407626339 
7.33145831061 -18.3665384227 -8.79986200256 -1.1646377684 -3.66244220516 -6.185350757 -2.35379917938 -7.61377422884 -5.42732513547 -9.63995710076 -17.7170270754 -12.4665900478 -10.308588343 
7.3226430233 -21.6944141762 -13.0580562646 -6.22133961737 -8.61974668325 -11.6854481588 -7.99502529131 -16.6511975486 -20.6716311224 -13.7364762527 -13.275588553 -2.57990729022 -1.97426939317 
7.45130112015 -17.2869016848 -8.07524799364 -2.93333031868 -3.06056659855 -6.90687749594 -14.8576027828 -15.3247562334 -11.907309724 -2.38098201526 -10.5507737548 -5.75563253558 -4.1797216909 
7.5457907751 -16.9703779525 -9.04176969397 -3.50997965814 -6.84473309242 -8.99574716695 -2.72795732618 -3.97018938471 -1.53832947944 7.38577729577 -2.97117515498 1.37379527494 2.69789550852 
7.62214106609 -18.0872071901 -11.887816674 -1.95046503886 -4.64175169673 -7.08012437576 -1.3221795027 -8.18322233307 -18.9212214396 -8.30548674849 -10.6619858932 -14.9338687351 -14.5402189884 
7.49692939239 -18.3141040771 -8.09029727398 2.42033534517 3.02529207654 1.08571527268 1.39740688993 -11.8954004522 -12.2694213273 -6.71456163512 -8.97670176429 -8.60337264397 3.57338373156 
7.61034458134 -20.0456711885 -11.3313050114 -2.705021392 -4.74161014799 -4.39713527541 0.236556519123 0.334117047415 -6.21740662351 -6.76623953205 -3.08121051325 -6.83106774534 -4.46556854665 
7.69967242932 -19.7956181539 -8.99530331432 4.21427566471 3.98475718393 3.08216222178 0.111011131353 -6.00197018843 -10.7741212842 -5.66072506493 -5.83618729147 -3.99818812072 -0.612971127802 
7.68160968685 -17.6706685996 -8.51649334203 0.429949621839 -0.905735718604 0.74661754367 -1.70512499718 -10.7568318991 -13.326132812 -19.4974266431 -20.1237129144 -13.0332561129 -11.1286905393 
7.38732222077 -20.5824157205 -13.458271341 -5.80942593237 -1.18369731374 -1.07318292588 1.59209419678 -5.39621619479 -0.0766265632283 -14.3807831568 -17.4832095167 -8.72775000677 -6.40953778609 
7.59485641352 -18.1966363055 -14.4579913655 -6.41342920286 -4.12518375864 -10.2792181359 -15.0903021146 -15.0565198964 -10.8893928552 -4.19063188186 -4.51950198837 -6.55080402193 -4.50823476852 
7.62679751706 -19.6018441691 -14.066092675 -6.24795899248 -6.46755494001 -4.85289245449 -3.13626199887 -16.5819917703 -9.35358533574 -6.56898118058 -3.7520105492 2.3540643242 1.06742563349 
7.65100267231 -20.2124885729 -13.263072527 -8.5702340567 -10.3642213002 -8.35147247754 1.70606245855 -10.1134884445 -15.1642739379 -7.33891081912 -5.65395940037 -0.258878703431 -7.00551754304 
7.59354697495 -22.3254681919 -11.942599683 -5.82442360947 -10.1958046083 -9.24682074871 -9.64588645274 -11.8391628475 -7.63108431287 -8.94543876327 -5.00414297981 2.53711989472 4.67955799952 
7.61783816107 -21.4188541762 -16.5588506564 -3.97279790734 2.20612085744 0.127213571284 -5.45277849157 -14.3525307932 -16.7011927204 -15.5961244283 -5.33618426428 -3.37527099047 -5.03289709669 
7.66474746407 -22.2378909421 -16.8636939252 -9.19223128643 -9.3576898533 -7.9920630978 -7.16015864441 -6.73090008348 -13.0360531728 -14.2678752153 -19.0075941535 -5.9924080212 -2.8361629581 
7.72718949597 -18.307880854 -7.98269880885 -6.69673597349 -8.615298257 -7.08387166391 -7.04438941817 -5.90085255326 -5.83579688188 -12.5642307886 -9.07963226089 -0.019835699547 -0.736577310887 
7.78201227865 -11.4853788319 -3.74189720096 9.98986974111 8.19371734777 3.90331134153 2.11508882754 1.18210560526 -1.41224153261 -11.6511882654 -23.4752544696 -17.0553776994 -11.0763129311 
10.789758541 8.08317006338 15.5342684764 10.3267754438 -5.54525735476 -18.7696694888 -25.0415713128 -30.4782922603 -29.6247286484 -23.7203744986 -15.6045905171 -6.47304418548 -11.2353950641 
11.764699474 13.0512801922 17.5455430528 15.8739724768 -4.97424321707 -17.8827391162 -29.7584802825 -26.8706758047 -16.1727137107 -12.4610045366 -3.0385830186 1.87899250501 2.15556471639 
12.1858271944 15.8664581389 17.4795720183 14.5668084789 -2.62804191641 -7.77749884424 -21.8155283063 -19.3233589328 -23.7125717125 -23.4951679614 -19.4118043987 -7.19905140334 -4.90775078162 
12.6920284952 15.1153509681 17.0594871255 10.784655519 -11.2974622033 -26.3623872305 -42.4546231565 -41.4489602173 -22.215965098 -19.5202995563 -15.7302346707 -16.4778874415 -16.4036415665 
12.5099895594 16.2982565952 17.5261379241 8.35007215761 -8.15136140535 -27.727246476 -24.8857420186 -19.1783538815 -2.91182029495 -13.1839727844 -5.63298746141 -11.6673233182 -1.3044581772 
12.716345731 18.8504792844 13.1788038033 6.4510332996 -7.6570961038 -17.9531177704 -18.5802084985 -22.9144958768 -14.0212995035 -7.11544952978 -4.21889403223 -4.10917438995 -2.88141411977 
13.269070534 19.9892888019 20.1676123109 20.9441924009 -0.767504528097 -10.9788075001 -26.6601145235 -24.9689183203 -16.1604709442 -6.11354791251 -5.42600700999 -0.632251465405 -1.85975876131 
13.0713161593 17.7116838156 9.59828078613 5.67723231093 -11.0962462233 -14.2246605649 -18.9705958138 -20.3581160577 -21.2019365397 -16.0544403638 -11.5186592008 -3.53866618767 -6.76386720328 
12.6169376377 18.8344410976 16.5044938493 7.35400516219 -10.0384019264 -10.4845935098 -28.7223452177 -27.7615878852 -8.58069731584 -4.38252031746 -6.32494436116 1.11363410788 -2.48846779673 
12.5450307403 15.3632992454 6.96093055097 11.4925272318 -0.395183811277 -23.9457004227 -41.6440830838 -11.3102375029 -0.532890258414 -22.5660088739 -2.2457747468 22.2050128405 -14.3588277912 
12.9886244327 9.53765275781 4.99720315555 -0.529540818626 10.7842674255 -20.975245853 -34.6450962596 -9.4387449745 -13.5233729797 -17.6630016566 1.21052670043 23.8423840145 -21.2731148213 
13.4272278702 11.1516652553 -7.21748808063 5.17877046153 7.67032378972 -3.39075514191 -42.6070170728 -12.5083646079 -14.2608321743 -26.1001021003 3.89711945044 31.5204649071 -19.7385698519 
13.8392834636 12.8272446083 -10.6745535445 5.27205710588 3.24229497879 -1.53422129542 -43.4959780719 -12.5436745578 -10.6883217747 -30.5768935293 23.0898734143 34.3896991835 -20.1468186605 
13.8847558026 14.0083031047 -6.32522293904 2.86616577867 -6.88228531685 -10.6056508376 -42.7002057627 7.66708454282 -16.9432623185 -32.8239263569 10.8671082241 32.8545068605 -14.4466886176 
14.1258744899 14.6680067301 -8.51960660663 -0.687894863881 -7.61930421377 -16.811335734 -38.6462978049 6.1421514768 -8.17245253153 -32.4073713178 8.62736917226 35.377179902 -14.0395458586 
14.2966711231 17.4227519573 -8.83640350809 -9.03668403396 -4.11478988981 -20.3444281487 -36.5972504765 14.1184655749 -15.3205059855 -28.7696866457 5.79397527273 36.2598967321 -13.4519762824 
14.4227729502 13.7084430192 -7.51135660677 -5.63076105205 -17.9748561435 -20.5662019375 -23.6495873219 9.38949000128 -15.309060796 -21.057305173 9.66910017734 17.8091740459 4.18932188701 
14.5189534305 17.1866202697 -8.12166015462 -14.9508356287 -14.3488068506 -14.3038730801 -35.0987363542 21.4115230748 -14.4052998742 -20.713449507 16.5364053608 9.73041453909 -3.01788620813 
14.5737041484 18.1157432986 -8.51592573302 -10.9474261631 -12.8334031959 -12.9570880363 -35.2559098045 34.7138627158 -8.25865117919 -8.56775528966 13.7855783447 10.7383658902 -2.68559610622 
14.8105476051 18.9572762533 -7.29901414254 -11.9812178806 -11.8811680612 -8.22094464374 -33.6483254748 27.3896489626 -0.80880711288 -7.8634153706 17.2194315887 10.470919943 1.63964733492 
15.028286518 23.8611997217 -7.36317886991 -12.9309591175 -11.1713061335 -3.85858264456 -45.9805842433 37.6220062122 -0.842923021014 -6.50956281894 14.446606284 9.27025510637 -0.086842197141 
15.0779156483 19.2126296919 -4.94196937043 -9.52746083395 -19.7433070396 -14.5453046664 -26.9573848212 22.8482579192 4.04278989997 -5.06428151903 9.20010891312 8.89905855432 3.89921285814 
15.1592339145 18.8698783705 -8.22100762913 -16.6200495756 -18.2319629209 -14.8121229952 -39.9669298084 22.5006675848 -0.312749359537 -11.3086514018 3.38818134145 5.55696757654 6.05975459334 
15.1046612236 20.7572476687 -8.30077544219 -24.1914801919 -15.3740595963 -17.4112145736 -51.5836434598 24.3027765568 -9.95559892938 -16.6738320506 1.20550445567 1.8720248063 -1.21932750846 
14.8914960932 16.9301365311 -6.44933957968 -19.7135007681 -21.3558567776 -30.2969480509 -48.1361246261 14.8976726507 -16.3841202436 -17.3330865816 -10.9256850513 -1.96822496784 0.312388300956 
14.4606560311 17.9051322572 -7.9139167856 -19.3213212922 -18.8899085719 -13.6032554074 -58.7732443305 22.2670424078 -17.872224605 -8.05723128479 -15.2863304402 1.73191924234 -4.54194479949 
14.516049379 14.5727412825 -7.89166429133 -21.7886127233 -22.8720185311 -13.9475134439 -64.8269940706 20.5376894699 0.858483366248 -34.1222246296 -5.95330131922 -11.1655923372 -7.60411413847 
14.8412731471 17.4318249476 -7.44812812212 -12.1603733932 -17.1224632264 -12.1098919461 -31.4338419195 10.8571464643 4.49780657315 -17.4719015881 6.86229083414 3.23665451641 6.3382738848 
14.9680814654 19.482673688 -6.23771477516 -10.8443074613 -11.0470977876 -15.4631669427 -29.6889315343 14.6423295479 3.51036422849 -12.3108000147 -0.400614560265 5.98021126988 3.18942084125 
14.9847834109 19.5364723764 -2.86553855365 -12.5899793062 -19.2686820299 -20.4576228782 -37.4650359348 21.1071749534 8.26470537235 -14.974209627 -2.24364743525 -7.1637342439 2.95774734468 
14.7200057865 15.0206934146 -13.4022193548 -22.5332038259 -21.6823030958 -24.1104166798 -44.0906376555 0.393802668653 -8.26782644358 -20.5062676669 -6.44424984939 -5.30600323836 3.41835043409 
14.6396284348 20.7128686084 0.0696835682745 -6.24598952625 -20.9030336137 -19.9121601884 -58.845429524 18.4064306691 12.0134937911 -18.4416450957 -6.65357812215 -3.70866049458 0.748994592132 
14.7936504986 16.2901299828 1.73609849138 -12.6391186353 -15.128782246 -27.5305230328 -60.9942299991 9.22735057925 8.32778916233 -22.2588299849 -1.82984654986 2.58306887957 -4.39255176061 
14.7805817373 19.1190909346 1.70482724016 -9.35929640529 -14.5080466351 -31.119625211 -58.3148152 9.58107603695 11.0962917055 -25.6843458198 1.63368867138 -3.97130558087 -1.04038970463 
14.6066628258 15.5148483747 -2.29242328916 -13.5031254447 -32.0704795578 -23.3690811464 -56.8408021522 -4.2601628721 -0.574731679382 -27.9228373433 -5.23502300753 -12.9151466587 1.96678207537 
14.7309170273 22.4540701531 5.70735984662 -6.12367619065 -20.5136875319 -10.7195136717 -49.2190437531 6.70681406463 2.08964735058 -17.0097425295 -4.84424377166 -8.81936641596 6.08270849162 
14.3709873531 17.6649070262 6.75388002338 -5.86173699103 -36.4512573747 -19.8285044508 -65.5635209259 2.56508350681 16.8101509484 -27.4526572723 -7.04204097271 -18.6829505329 -6.12501378834 
14.0712020019 17.8119383817 6.48870724595 -4.21864892246 -36.2438544147 -26.154910818 -62.7843276113 4.72206645187 15.9027925502 -23.9448239062 -8.05048341715 -12.0778325342 -8.84318624516 
14.5548625758 15.9062589804 15.240883944 -4.08733830466 -29.1830643281 -25.8752926801 -64.361747331 2.36029121898 10.5311074971 -8.20339500508 -17.0572494134 -10.4718185224 -18.1255977804 
14.8261991076 14.7998513066 12.9879696786 -9.85163670727 -35.0355857116 -33.6465197735 -69.5499744131 -4.59668155166 -1.274624076 -22.7932389367 -26.608637951 -16.5301646486 -23.8220092287 
14.4087752593 15.1117222673 7.33029595041 -2.97790699607 -39.0490580299 -27.318097647 -61.2253014814 -10.2671206516 -0.53890509925 -34.4484965293 -12.4455081742 -22.121245697 -24.9357563751 
14.0894677876 17.9800489734 16.3408479765 7.55219352777 -29.4944209312 -19.8132717814 -54.3529626626 -0.782643213651 8.35009632575 -21.3420096925 -3.60442873994 -7.17441959988 -16.0476142136 
14.4985777587 17.9392149387 13.6006079446 7.0659562178 -37.3767135149 -24.5163253141 -61.7121908329 -7.94380256768 19.5537814728 -22.8974436546 -2.68177831889 -10.8061095847 -16.6725274161 
14.5346179015 19.1223853538 10.119214297 -0.595697379946 -35.8693773869 -16.2632490887 -57.6774223879 -2.10752034838 5.0889275228 -28.4066604619 -1.88696643965 -11.5382391343 -9.95729893133 
13.8540799396 18.4822200969 9.13600083929 6.49229674965 -20.1115838691 -2.98390187063 -26.2285225375 0.525245084279 6.796098358 -24.1071713662 7.21023475463 -0.298368401451 -3.12637226231 
13.8372870019 18.7930453793 8.24166265284 1.05157220267 -29.7111014928 -20.5409763587 -51.4965638448 -5.20989243426 8.07884754395 -32.8838068704 -3.35104663899 -2.04005336957 -18.7554091806 
13.8686008915 19.9159917257 18.0590430997 10.7911894679 -31.244029409 -13.3972475643 -42.4151217948 -4.75027515491 15.8702444584 -19.2952837152 7.05448580451 -0.828222451208 -9.28612750717 
13.9650616818 19.0939456222 9.5720164144 3.85173902077 -26.6660068724 -8.76758750455 -28.0362290959 -7.57968522589 5.76670219404 -22.2888998991 10.4987070198 0.765512411675 1.44179419636 
13.6892262838 18.9955792979 12.1035246159 5.84517819039 -27.2108451986 -6.04489685116 -39.3381072932 -20.0652335136 2.03525195156 -21.5781187701 6.0581709171 0.0317940079824 -5.92948607924 
12.9387141903 15.908013962 6.88493800817 3.38775846861 -18.1140217814 -12.8762134528 -22.7698031257 -11.9929839271 -6.81780113552 -13.1863557989 0.307194426291 -5.6741202548 -5.6660964722 
13.4541374543 18.276139255 21.8166383617 12.8812267653 -26.2102501688 -21.9372816187 -48.9829151229 -16.0592033386 -12.6561551449 -9.85816590818 -5.74541370434 -12.6573904481 -11.4206977169 
12.9768493282 20.4911685006 22.8475098933 21.1756695853 -14.5532597545 -16.0256721715 -35.5328511829 4.53126647623 -0.700746152662 -5.9378381333 4.98463969745 -6.71548895044 -6.76514732118 
13.2068964925 18.0302859195 18.6166003373 18.5465392824 -17.1164015043 -22.4842330417 -51.9037131228 -14.6949552206 -7.67044086159 -12.5845273265 -2.89080565374 -9.75693167227 -12.63863947 
12.9458948326 20.2338249608 21.2396038176 21.511698195 -15.0784419355 -14.7235431085 -35.8318138631 -6.08244647015 -4.16676375159 -6.34627621295 0.685177031854 -5.3361731292 -6.45475336403 
12.9707779276 18.7176447902 14.1212241437 7.9417502725 -12.8485615615 -14.4487907314 -34.8286510919 -10.5151973663 -13.4933780805 -19.1125576199 -4.97404970111 -6.77666875092 -14.6584168726 
12.9471494463 19.318882075 19.0713268092 17.4104170167 -12.9819696851 -10.1673975097 -35.1565799896 -14.6974607872 -12.4383386911 -11.677999583 2.74552795403 3.51999531077 -3.34029723965 
12.5885533787 15.1977958258 14.6215550694 14.23501319 -15.8959417024 -11.8607509213 -34.1233758601 -18.4165858723 -17.3104900287 -21.4385256862 -6.84698229195 0.31115963542 -13.5508469413 
11.6192709426 13.1018428185 18.6582699 20.1272332751 -6.01730902446 -10.4778893029 -34.0395869436 -17.0067055388 -8.01065144305 -6.01400567386 0.959664253115 3.98604650537 -4.28692932082 
11.6705793113 12.1893217391 16.4302065704 14.3099111293 -16.2424093867 -17.2227022369 -31.884822268 -16.2079221792 -15.3895953858 -5.82141099376 4.29754320423 -1.59567546241 -8.52664986761 
11.0083921482 9.91318810314 16.498099928 16.0759734439 -13.4460485151 -16.5962670691 -33.0093971603 -16.0242886146 -8.13855773724 -2.15759011297 -4.51259738252 -3.10068006736 -15.2486139543 
10.5706000054 9.82156094932 12.0943221532 15.678229596 -6.62222268616 -11.082980986 -21.6105054268 -13.2757043291 -18.0530122568 -9.39814560899 -6.54603688334 -3.099675022 -10.5535572932 
10.0081904062 8.53572924052 11.0781438555 15.6597054304 -4.67646007337 0.106164832529 -15.0777737361 -3.91901469642 1.35996563774 4.13829987371 -0.703772658247 3.34132693719 -9.51144948527 
10.0257267412 8.6151014393 14.4209633561 20.8931866805 -2.53776668516 -3.35688966209 -13.8952329154 0.470141348806 -6.16239117867 -2.17297847442 -4.37058021327 -4.73441472303 -9.00754489277 
9.633673451 4.76386343443 10.1532762982 18.9064519723 -1.29951585404 -0.313770368876 -10.4643040381 -3.72717346746 -7.7571825746 -8.72725270321 -8.66928977624 1.26480636839 -6.50017383416 
9.06174886107 1.67478679266 8.3493482894 22.274624917 8.76636505617 5.28141657143 -13.0017533232 -1.57195292677 -9.52504792088 4.44678673273 2.42864628918 3.48779054306 -2.67663850291 
8.72688129171 -2.86415193302 4.39809382362 18.5912727451 2.95494092888 3.11491906235 -5.44058405195 4.77627730879 -2.96536210305 8.83831522649 9.45740104296 11.0002345529 -2.8499319856 
8.61206962734 -2.68088294005 1.37310165693 17.659397592 3.11405000646 -2.19402193318 -6.88423674799 2.36365471665 -2.9873385883 -2.43270578274 -5.44653330964 9.63832701192 4.94493414182 
8.54486331715 -7.18579648707 -5.28817151265 8.49145615036 -2.3660308676 6.19433270383 -2.46710748731 1.7194552479 -5.52737108918 0.60607716404 1.41500644536 4.6815390829 3.34529592852 
8.4547478755 -5.15131396996 -0.857203547417 11.8751613018 0.952778746853 5.97655182485 -4.09968601924 -1.76015707938 -4.83314847006 1.571554238 -5.78435590879 3.20824091364 1.73278477408 
8.29094895498 -8.14894696814 -2.52653123158 11.9426731218 3.84625655929 11.608058968 -2.64725582195 4.06343818961 -7.53532907271 -9.59702889153 -17.656298109 -8.55824809367 -15.2144968176 
8.31619921169 -9.68403800867 -6.35490402334 8.59561184498 -2.6892900804 3.91003619013 -4.73759892919 2.31826828439 -2.04611437787 -5.41942229028 -5.27241482054 0.0843834767449 -6.66289818824 
8.09047546469 -11.3717457875 -5.39005734597 5.13245136151 -6.54101622753 2.57522397499 -10.0523104144 -2.59592299604 -8.16413237422 -11.6655429783 -16.4349376915 -4.08333270954 -10.0946857157 
8.16489340608 -10.1575282122 -7.94119739133 4.32609690498 -8.62815993313 -1.41276108444 -4.97208102003 -4.38648367152 -12.3576365214 -5.47425949098 -12.8949313923 -2.73988319919 -1.48653104737 
8.30870759623 -10.8541782455 -10.1248021592 4.10619954836 -7.18608036441 1.78195831609 -7.90635101777 -5.13390832206 -15.089720664 -11.6897339294 -21.3359169125 -13.1158667282 -10.4474845525 
8.14841835703 -14.966833427 -13.4547479758 -1.92618954669 -8.16148832333 2.39494225159 -10.1556067008 2.17116194339 -5.61072695662 -5.83781649316 -6.93227018627 -0.883732547069 -5.0367090806 
7.91081927469 -14.7800255735 -13.4198826792 -0.546559097238 -1.16306565794 1.49440092264 -7.69285042262 5.38171072025 -1.23081855952 8.10845094049 3.78547843089 6.19314662203 1.66001752623 
7.88668715254 -16.2949946811 -11.971522185 1.88948775345 -7.9323673937 -1.65117888298 -9.86796919375 -2.28372937797 -11.4701494231 3.66790695538 -5.56792101837 0.902625232214 -6.93147739054 
7.91688074098 -14.5872346844 -8.84707867858 2.93325713582 -9.2166473076 -1.39758445804 -11.7591790576 -3.68863099264 -3.24601346625 2.69291856338 -9.38805122176 -6.85768586769 -6.83071176323 
7.84643683039 -16.9190584745 -9.54641064061 3.99733545052 -5.33793633619 7.93442929607 3.92277823022 2.82129560198 -6.37287361995 -4.96438858109 -8.34507977474 1.03745534233 3.30466813551 
7.92427688419 -15.4969497115 -10.9602531003 1.57449354157 -2.32465682516 8.03693585176 -5.93642872436 0.665891438753 -9.28801122056 -5.23855186852 -12.6420940466 -2.25736777488 2.25864995325 
7.93250347132 -17.3586246428 -14.3755267197 -2.50093179372 -15.9916681308 -3.24516781275 -9.89465885052 -1.47301535273 -1.08908352331 3.91127803112 -12.3937562369 -8.31910506559 -4.0826005373 
7.87471801872 -15.8705701649 -15.2992588456 -0.742876987083 -11.6604569853 -1.53466383594 -5.2314335129 -2.97942420623 -4.70475485096 -1.75041781871 -7.98410810799 1.5284797827 -1.94733319597 
7.98917246286 -18.321058039 -14.9651006969 -4.56388353693 -14.8582694285 -3.60795793286 -7.96170767663 -1.06899475393 -8.40037725162 -3.53909436446 -12.2255053543 0.190846829522 -0.674178758726 
15.7710610448 -31.0374772661 -21.8325216228 -3.19075605415 -20.0088923448 -7.32158512181 -16.7541102729 -16.3585620248 -30.3500597872 -9.5744816211 -20.731906602 -5.49810874589 -0.142776863279 
11.2877110648 -14.8139284714 -9.61569325634 -5.79859222992 -13.9058071591 5.91588249762 -6.42255748992 -12.5928082013 -19.7424603531 -1.43623070638 -19.5698508429 -11.7518242017 -19.7120770706 
10.6735458425 -25.9869716124 -14.1440213717 -0.689586065392 -16.252726977 -2.87300930031 -8.58486201143 -13.2872465456 -25.921381157 -16.6059744395 -17.556809658 -6.37166497121 -6.75764018409 
10.4107067327 -21.4205695049 -11.9313021793 5.70959605724 -6.79579634301 3.68760925079 -1.25654921858 10.4643529317 -6.09946502558 -6.27451967695 -24.0367510598 -12.3212953424 -13.2013382788 
9.53461288999 -23.8086471643 -19.9081584223 5.37652008084 -12.2721751185 -7.04512768816 -2.19888586547 -1.17253088423 -2.98020965756 -1.89211788758 -9.47476241037 -14.2313263023 -9.57001197143 
8.64479099655 -18.9215758749 -19.5415689145 -0.673532374154 -16.9980288143 -13.7958296448 -9.24372018645 -8.35972730471 -19.6289699341 -4.09750604174 -6.78090627891 -17.4679819264 -13.5240564031 
8.20448361157 -16.3714285891 -18.245235885 -3.32250429944 -13.591100766 -4.58429214001 -9.72989158397 -4.67371441374 -8.81536669003 9.90105642315 -4.37957844012 -10.1723685732 -4.74754433589 
8.03445127794 -15.1056994141 -14.7527173926 -4.18791109984 -14.268429783 -5.24590014029 -9.12105401421 -3.44229675337 -5.55737201806 0.00510696752595 -8.31227768225 -2.79389116483 3.43342047034 
7.66654017392 -15.5285164541 -13.857378908 -5.59845642723 -11.9615838583 3.8467460866 -2.02171702226 3.77907201865 -4.90645509 -1.92131881641 -7.48621008256 -4.29301005439 -7.79416053606 
7.71312694876 -15.9726541734 -15.7020124188 -7.55207646347 -11.8313819014 -6.22314867044 -15.641846544 -9.86045624277 -20.1308098813 -17.7700645745 -13.6992776641 -14.5694558436 -15.5891657381 
8.22526556732 -7.23200884259 -2.65043678673 6.89429796274 -8.27182152822 -5.36651966926 -17.5481702305 -9.10489260168 -26.9235217167 -17.7955130847 -23.2104072718 -19.7097400548 -25.9388964793 
7.96931152377 -9.27975265236 -3.51133316694 8.05324152734 -7.19072038028 4.79293376712 -3.94288646445 -4.24377694532 -17.7702661837 -11.4893013942 -18.1467642983 -14.4020209286 -13.3837340703 
