5.85964596469 -21.2512874794 -7.85672063297 0.337270375138 -1.7400730012 -17.3520570913 1.10387220776 0.904712808181 0.80229028974 -11.8258133229 -5.53415152588 8.89145734202 10.7554221632 
6.98784337313 -19.6964949416 -9.64652025695 -2.10666434919 0.128708772026 -14.8296244742 -10.3166699367 -21.2948799744 -7.53310117266 -9.62386353622 -10.1177109568 -12.163468856 -10.3066827856 
6.86245151192 -18.6944105411 -9.50893982195 -1.69376486802 0.935605616864 -5.52201396724 -4.20497681374 -5.21191221598 -7.18875213817 -5.54270467376 -9.21735576284 -4.22441962703 2.79706115333 
6.92394116176 -17.6130227302 -8.32100254745 -0.872312972374 5.46563984656 -3.33700567326 -3.42992809586 -1.14203967284 -3.67741143208 -7.49053941364 -14.1452336821 -3.28880486747 3.35200863845 
7.08561112427 -19.2889520396 -9.40626268969 -9.14817605957 -4.25990506086 -8.89662212391 1.0120420463 3.87693568359 -0.374063360377 -3.41020699306 -3.96761464531 0.195282597928 -4.80234714148 
7.11149330084 -22.4929983171 -13.2150218774 -11.3661437048 2.26901826606 -11.575211462 -4.59745718987 -4.86837407428 -3.39707336632 -18.1096849233 -11.6902308557 -7.94633501637 -4.5563065541 
7.02380567368 -23.2438043341 -12.6150072694 -12.9054526961 -3.81504553487 -14.696325501 -9.46243655812 -9.86418604063 6.49891725305 -3.82499875427 2.1446876274 -6.62725420698 -14.087584897 
6.73767799968 -24.3434791698 -13.3517215791 -14.2475649099 -9.3763271961 -11.8234572254 -5.5113957414 -13.7056407828 -4.84468967877 -11.7168072869 -14.7901799397 -14.2375054602 -9.68661795426 
6.94265811473 -20.2905370631 -6.60450759596 -4.34183195299 5.84323753984 -7.25782981808 9.01011125332 -9.20655586626 0.925981465729 -4.8084457612 0.534130303422 -7.94190755407 0.963432552347 
6.8194522209 -21.2576816852 -8.5037340814 -10.3611687421 -8.24132931781 -13.9439380104 -3.35314289787 -21.1341899576 -13.4127529442 -5.62785365227 1.76155480323 2.85761275219 -2.01971582085 
6.95191652038 -21.9987001322 -11.7544148899 -4.45438847058 0.576591292829 -13.1658929632 -8.26054673121 -16.7165955717 -7.33118977388 -11.4095480204 -13.1266900508 -7.66342332381 0.171089059336 
6.88138353158 -21.7592906085 -11.8146584572 -9.74967668626 -5.11450273667 -17.6361364786 -7.93157250813 -8.54246844611 1.60992281069 -10.2478980879 -8.32864446199 -3.12380063498 -9.94519825236 
7.33585966501 -21.032215443 -11.0198183265 -2.45940855576 4.80567932881 -1.37737836206 2.20002872487 -10.4147869662 11.7016997512 -2.56012112221 1.82219900955 0.649700621863 0.426507282684 
7.425227327 -19.3408909937 -11.3910218049 -3.07359633037 1.7303410271 0.204435592527 0.153027962433 -11.9369354576 -7.94678152859 -18.062622496 -9.93085450345 -6.9343943076 -4.51888523127 
7.49412390357 -18.3357053113 -13.8205860634 -8.92266057611 -1.49023037024 -3.42666648545 -3.01577235024 -9.28075695877 -0.0698121475197 -7.06141188015 -2.45862313138 -3.59089518601 -5.11678952266 
7.37905324843 -18.2041769957 -11.8726553942 -8.5563671671 -8.26291454631 -8.15887380624 -12.2503748867 -12.9826469143 -7.70543348156 -12.9705030075 -13.9556970756 0.0619613775797 3.15611243559 
7.83795250484 -21.6022815539 -11.8131048447 -3.33648008812 -1.7376619298 -9.59031829542 -9.26166170007 -25.8053032822 -9.67004442442 -17.8239217348 -12.1835236538 -6.32246403706 -2.36453515357 
7.98472369294 -20.3204743898 -11.7980519195 0.367690583551 4.21200006105 -5.02514675447 -7.99459680943 -11.2951216181 -10.1464160572 -12.2049526762 -6.13564576537 -0.0858869207592 0.13369952153 
7.87060315728 -20.7884739961 -14.5414619367 -4.14655827409 -3.14725264058 -6.58775767246 -4.10312766925 -4.47898620196 -0.0660869703822 7.07324895393 4.18005581545 6.21439286421 -2.38489872213 
7.80913350907 -18.6513896236 -12.390853847 -8.18616047292 -8.23048283726 -11.7951495622 -6.53467003985 -8.55659959849 -6.33762329845 -12.6922108311 -11.7489756873 -1.78105107549 -5.21769887763 
7.92777326099 -20.9174389857 -13.5462364286 -7.66020060442 0.136239556917 -6.33676893068 -6.94910348523 -14.1595614012 -16.1413796799 -11.9739808042 -4.24523305569 -1.53309239164 0.164897946325 
7.91677840583 -21.1845869973 -10.9558683049 -3.23880798155 -0.356699364799 -3.94217044755 -1.12735887616 -3.93901059225 -4.62825814029 -8.13993828571 -8.19484101697 -11.7200816775 -10.9821910141 
8.10481544674 -20.4662186464 -11.6082143271 -1.83466615859 -1.91097573418 -6.43182503002 -5.06378628275 -6.59554035448 -7.79624565069 -10.8594657199 -15.7349913091 -3.97308587729 -3.8196574468 
7.94120854633 -17.8019830847 -11.1967017923 -3.73219361595 1.43550581586 0.699360422408 -0.727882654218 -10.1584222025 -8.91976146391 -11.7012982485 -3.37998756988 4.79331287677 -1.72546566117 
7.90926310374 -17.4897608228 -11.0972023784 -2.03905853657 -4.39017666517 -5.09873189044 -0.541750411569 0.909306701789 -3.93755928366 -4.57584899106 3.43532338988 -0.25851974747 -1.27430666563 
8.21555154472 -17.7138162828 -16.318999623 -3.23977673519 -8.26756500327 -7.7808980034 -0.758221154543 -6.75725085831 -11.1670453602 -15.1907625575 -18.2178777004 -9.4518530212 -11.366089234 
8.12013873114 -17.3835470322 -11.3358323595 1.58937882892 -0.314744552123 -2.84395009458 -1.44160674774 3.96735866103 9.38953382687 8.24178868217 -4.65949342671 -9.00565874336 -6.7439207144 
8.17846116427 -17.8195885233 -12.1449378017 -5.56877991714 -11.489994209 -10.4310550357 -6.1185607515 -4.12186787744 -10.5490968055 -9.44580731845 -12.9787744279 -18.3982829882 -9.53562022029 
8.28072931824 -20.7511706857 -16.1166894059 -3.71407064335 -3.04850360347 -4.48027741579 -6.07867677253 -9.5103966436 -8.76700821653 -7.10307050416 -0.00194454256185 -1.60293334006 7.92620329667 
8.43185746051 -16.2700589806 -9.52697759674 -0.285849439934 -3.87397479099 -3.76811758688 -6.46559945007 -12.2426973702 -7.27133397458 -11.593949882 -7.88360498707 -6.60378715263 -6.1933212447 
8.57398547393 -16.4589219529 -8.10679803173 -2.60723232339 -0.696112484074 -4.32558029084 -7.61708887133 -13.0805308975 -9.45920895363 1.38151236733 -8.32242502815 0.229682018973 -9.1630189636 
8.67563642174 -16.6131054896 -6.04909059253 -4.25202987722 -0.0768736942304 -10.3532957866 -4.14963747089 -2.2256904576 -7.46823784449 2.37228733059 -8.60630321121 13.0420352993 -0.124099070262 
8.36541119731 -21.30054802 -15.746206861 -9.33150127668 -11.5928714751 -6.04821840878 -3.84266270263 -7.78032199724 -19.8397784648 -16.8052172902 -8.99518691197 -2.43456957018 -4.79750200737 
8.25180699913 -19.9094753422 -12.0645784695 -9.39564600079 -14.1908434055 -10.9935777998 -5.55397235652 -11.7661843465 -14.2744902962 -17.0570711586 -18.9695440615 -14.7155707088 -9.25396547312 
8.19740181957 -22.6738931154 -13.8135186275 -5.47742273551 -6.1487652414 -4.41560746992 -8.11069779273 -16.3644508514 -19.4396223505 -12.2433925431 -14.0603112828 -2.31762677914 -11.9383133187 
8.09292795519 -17.4290791467 -11.4523174041 -3.44036024495 -6.78949424439 -10.2746140599 -9.85033326836 -6.40919264475 -5.27186590578 -14.4100107803 -13.2939228355 -2.62830459232 -7.07714596027 
8.1034369579 -18.1842130437 -12.703868254 -1.04083596046 -7.54467993852 -8.43214695245 -3.99470392084 -4.25698813568 -4.41390188356 -12.588296977 -13.5802232618 -4.57945543066 -5.83879392313 
8.04272011907 -15.6136291589 -12.123866675 -2.9278099205 -5.8597204522 -3.95052017105 -6.54033667366 -5.74605104783 -5.79769338311 -7.02913922525 -3.41299712466 -5.46220150658 -4.95959053435 
8.16525559561 -18.0283370378 -12.7765530837 -7.43297086871 -9.2888298665 -7.53264740463 -7.32876528505 -11.5205926178 -10.3436129668 -7.76094352433 -11.9163141835 -10.0228344151 -10.4585401805 
8.11620940185 -18.3849103655 -11.3265956168 -2.77862074204 -5.52372775162 -6.23598415628 -10.1094315366 -8.84562926819 -13.3556607772 -19.1494925186 -25.7336811149 -7.57972397193 4.66408015889 
7.99490412222 -19.0353689325 -13.6859100095 -5.44072118141 -10.0924854601 -6.06080294523 -3.03244959803 -4.98611915575 -6.1181289982 -5.27739544521 -8.65119088261 -6.25837932246 -3.37681957946 
8.53310443083 -15.1797868077 -14.1610845058 3.58717697641 -3.15060117289 -6.71808490569 -7.92602966617 -7.09617435012 -3.84791405683 0.770430684065 -1.71148836126 -2.65893376341 -4.24490275343 
8.52816100338 -18.8238185286 -20.1580392459 -5.09691392064 -6.68263654697 -8.49635450802 -12.3309664818 -8.22287674199 -6.3781736524 -4.29409155473 -5.14719725983 1.88000440893 10.3615557272 
7.69124901368 -18.0919535808 -12.5044654465 -4.87707607824 -8.35677799535 -3.32191922408 -6.70962156104 -11.6381647314 -14.1266962041 -14.2760586721 -15.3660195806 -4.39333917102 -2.87930317051 
7.80310642194 -18.2906645272 -17.7636303378 -6.43805104948 -10.4963211702 -6.69952971824 -4.6745369142 -4.5649873399 -0.214100210884 -1.11348553293 -3.6004560306 8.97313245309 2.03551294913 
7.91077808107 -17.6704977443 -14.4999609478 -2.36679626699 -2.82162499589 4.30377232986 1.98063215744 -3.5197946969 -4.45428989347 -6.68806910558 -19.3677297006 -10.8638180895 -7.22691517863 
7.89864361109 -22.5089577284 -17.888643914 -11.2857086129 -17.1988537287 -20.1419726486 -25.5411953428 -15.8486170281 -21.1158913166 -22.066814153 -23.7623757269 -22.4988198724 -24.537466793 
8.06187759544 -16.6697889425 -13.2840190346 -0.303278644993 -5.21458203079 -6.84320203151 -13.7412911387 -7.39196891912 -7.28581400476 -6.19718599216 -4.87301102737 -3.81310828831 -1.73849154344 
8.03319000462 -17.2569768376 -13.8165028322 -5.40051884225 -12.7463487868 -10.2068101846 -15.6777971541 -6.58971599906 -3.75225565636 1.56047111468 -4.37363153233 -5.37097021522 -3.52394412714 
7.80496669335 -18.6274883651 -14.1378677768 -1.43729356975 -0.81577285191 4.13268800011 -3.65382559576 -2.243778984 -1.10562314667 -7.57688409557 -2.42453643841 -5.47234690943 -2.65216968103 
7.88510000401 -18.8316840895 -16.377103567 -6.05882494886 -5.22714029145 -4.14829151273 2.47739763133 5.10636532419 2.55420336941 9.11194979779 4.49683775083 0.736287809875 -4.84480118781 
7.98564087216 -16.5980336298 -13.5687452967 -0.410012617485 -1.64589353849 -6.8633012261 -7.41450184278 -2.65278602041 -20.7622309748 -14.1012691384 -3.81021263256 -2.7410908675 -4.38212591317 
8.03734616867 -21.3472719076 -18.8265185503 -5.93882082059 -8.63943286477 1.15933413273 -1.89868116121 -4.22394874421 -5.63210096766 -4.33910632678 -10.4485350282 -11.028557804 -18.3215046158 
7.93705013855 -16.284209272 -15.3929759439 -4.01121867744 -5.67597828327 -3.88246042572 -5.05071794222 -3.96966168884 -1.30016628692 -0.805593120586 -9.94717215008 -3.23815516356 -15.3286290199 
7.95406253143 -19.6413876177 -13.9646780747 3.8535066181 -2.65523366967 -6.73836142784 -16.1284721365 -7.43598851359 -18.7255635447 -15.5315191318 -5.44776473767 -6.2268524457 -4.66655517245 
8.25337684837 -17.9768065837 -16.7898683773 3.34224862882 -0.664515340048 -6.7144943875 -8.23165098777 1.59433066581 -7.57299570859 -10.3615750181 -5.32127156858 3.31780695907 1.22274530952 
11.1820013133 -19.7143262396 -28.7575995327 15.7710979556 11.6818945709 -39.2747928044 -16.254058568 20.673162237 -16.1828022496 -17.447639963 13.4131881513 17.3862776892 -1.33741976286 
10.2049512134 -13.3185633474 -22.5731015248 15.9209914479 12.9019315839 -13.7667506102 -9.16765110693 27.8303270465 -5.30812491383 -17.3392863573 -5.4089700839 0.531167640753 -18.2191954041 
11.0606173781 6.33446966402 -1.30724717025 25.2321305523 13.1625949991 -14.2201120185 -26.8649961892 -14.2329064505 -21.1772727494 -28.0359088728 -17.3384896615 -13.7466802947 -9.23835556939 
12.2412899987 10.2586842203 -9.8665371722 25.4845170477 20.7361204035 -16.1449807144 -30.0690745213 2.00538852901 -7.14955290595 -26.5838149798 -9.51078559416 -6.77950345162 -11.8577110229 
12.7419347305 4.61942859857 -11.4978462214 40.0074254537 38.4745741231 -10.8493387637 -42.4037926927 -10.8824676299 -15.35965924 -24.8790669415 -11.2292541827 -18.6237319089 -13.9620269415 
13.5606448452 17.8073249945 -17.4283752248 9.25886591215 20.7394437964 -14.8420675545 -38.0454328011 -3.1330557446 -21.7862405059 -14.3735652499 -6.74340086494 -12.6297931461 -3.88840177853 
14.8674588488 16.1585076405 -11.1671575155 8.89508821691 11.3295114502 -14.6075153669 -52.2985818288 -2.53304728338 -26.0925657885 -17.257498386 11.4183765844 -18.1815345043 3.45962203555 
15.2917585483 17.2929871923 -4.76864457596 19.1654184957 16.0333234286 -19.1410973615 -56.3085256066 -7.53848928805 -25.2837100113 -1.869689353 18.2169516393 -13.6672078796 2.27447615817 
14.9862723156 19.4717835631 -9.91368999026 13.2779427625 19.802767835 -18.9315458198 -50.0827594481 -5.90542790562 -19.4249701971 9.52790281749 26.6830979111 -4.59723449582 7.27855494556 
15.0153166656 14.0285592111 -23.8278998138 -6.9571250335 -5.06316873107 -27.6827073021 -63.8064150972 -0.834404114558 -27.9838477906 -14.6486625673 17.4656029606 -16.2607891546 1.02656284618 
15.2994557313 17.8907160168 -23.6654373115 -0.412011807513 -5.73492984166 -17.4691073368 -63.6272751433 -7.89787017397 -18.9604721727 -10.3873412878 37.3331921417 -0.788152184485 -6.21588227936 
15.3773492446 19.4787878161 -19.670849989 2.62142151822 -12.3880655296 -6.55578469763 -48.8781173413 9.94128108569 -13.065499502 9.80583259027 43.6942701407 6.40986906511 3.09799877838 
15.5108926739 17.2471551965 -21.9205560869 -15.8847237731 -6.22178837288 -14.1538319136 -30.0418573628 2.93391114494 -10.4630856021 -0.407305615556 25.1504073119 1.96825933485 -6.08974096772 
15.6017658527 18.1889163028 -25.6531619673 -22.7262206396 -14.6296920154 -12.3310111685 -51.2380284328 4.3617071586 -34.8316964046 7.25343094116 24.5096819533 -4.56463904937 1.90326618064 
15.4936452201 23.0299723105 -30.0045432625 -15.8870055571 -9.60707076775 -6.81048820351 -33.1416793271 8.13181416489 -18.5429570767 9.86510623991 20.9695507118 -6.34094181089 -4.41760007985 
15.4717285851 17.0544558714 -30.2315259566 -26.7551024131 -7.87195857824 -16.1859994374 -25.2491612353 -5.71750004269 4.58802818913 12.9658854552 27.1554819672 11.828913961 0.983267029949 
15.5202752896 30.0629069731 -28.5960978643 -14.1864904887 -2.10018014834 -9.19976341063 -16.5142396527 8.63098979715 -3.0385578325 4.66252932312 12.1259300449 -14.6592294896 -4.16966650792 
15.1582325655 24.0038872312 -29.2654362626 -22.4672872172 -8.74123995939 -12.4938331839 -28.5130429899 6.02016559347 -4.32699902734 11.7827454947 7.79126599979 -10.0592183814 2.54498046191 
14.6000483816 22.0453593602 -34.2065526648 -22.7030540872 -15.755577574 -23.3404700684 -31.2276027971 2.39484225176 -8.04140873348 2.98579772965 12.6480695066 -2.82571002449 -3.54689835582 
14.3874740404 16.3854505987 -23.0615899277 -23.6653062341 -12.6759369402 -18.9431116537 -14.8008194742 -2.26840701338 -4.35413159275 -6.54317630175 -4.41138109921 -5.97700984461 -13.6062144418 
14.0304951659 22.3544397433 -30.3160560861 -20.0362457013 -14.3145143252 -18.2979929513 -26.190063052 6.27227440621 -3.09711753284 4.20520694625 -7.69498169196 -8.9230647053 -9.52003310781 
13.0673694835 20.7376002807 -18.7291131675 -11.2782465463 -14.7973172066 -22.3327651727 -17.2556388481 5.19836173071 -10.8753845289 -1.85623802422 -10.2902581391 -5.537903285 -0.634152364678 
13.0368300166 17.1047486522 -18.1618581058 -12.1334670049 -15.2777359809 -20.3040408167 -23.0818338163 -0.63685900329 -7.19180526691 6.07498710986 5.55232527112 -1.98086068284 -7.03707477737 
11.8204807539 13.8124163612 -16.1564530864 -9.20494559589 -3.63989715204 -12.9867453504 -11.1760200041 1.918816768 -3.94014156258 4.17298402375 -5.00750795901 -10.6789265391 -17.5037668792 
11.0776639229 11.7458472993 -14.3027708256 -0.673758570269 -4.54282016211 -11.1061009191 -5.00540819042 2.12238895902 -6.39561202516 -0.863574990141 -5.3273619787 0.0710823163073 -4.05651873092 
12.8049720815 -3.77909149733 -13.1980841717 25.8936878272 -38.2821196374 -0.4442416457 -7.59505916169 -23.7668866614 5.9777876616 15.628139422 -0.306461336229 -3.94981539081 -10.1362657515 
14.4308493992 -20.8831192255 -6.30761282015 18.83601686 -57.3481632841 1.54467828015 -2.73015348037 -13.9607361338 -1.379830964 26.7665937077 5.99900121348 -5.63304944758 -9.67854980992 
14.6350038194 -25.7746235097 -5.10578737956 19.9911693676 -51.4797792932 8.48163239022 -3.42966228117 -19.0240321404 -17.2776605186 24.000902661 1.11091014025 -2.15848639655 -5.14812429419 
14.9551252903 -29.4706320553 -6.85592209983 20.8676939925 -43.9881168538 0.615851830308 3.22605021955 -21.1092486433 -8.17550395005 1.97606842083 -3.16088048121 -3.7663749113 -11.0379776693 
15.1047583453 -30.9210210694 -9.39225254458 22.1214479865 -57.2917090881 -0.203634359708 -6.47008921009 -13.6181768534 6.39097051954 24.4201979239 12.863033428 8.36021434878 -0.877262543909 
15.1922916492 -32.1954592797 -1.8265322394 33.0830867841 -39.1825009607 12.5233465553 3.00870776975 -18.5400764319 -5.46175516698 17.3678143641 0.476482555714 5.89730176944 6.8827941733 
15.4142486802 -40.7574259905 -7.07952113873 23.3373115261 -56.5088999994 -0.781605104678 0.109109540498 -14.2896486813 -10.9246097665 12.6515883315 -0.921304692964 -3.78544938695 -7.46548776868 
16.0325194561 -32.4021640759 -7.74254837344 29.9896409567 -46.5722511036 11.3359092511 11.1247493072 -10.1724938098 -3.84384489621 15.7472106967 -7.8059002178 -5.14944686138 0.682934475286 
15.890249405 -36.9518458242 -6.53646742496 38.5396054103 -45.1359504556 8.76445110508 2.98709718721 -20.4995489384 -11.8618830826 13.4524780878 -0.0748541422102 2.00180524801 -0.196407491135 
15.5624831466 -44.3402761235 -13.4821447319 32.9271497346 -53.2312209402 -1.2735425865 4.44831567966 -16.2707336411 -16.9443687704 13.8591576705 1.58332390358 -6.9221068448 -5.35174044684 
15.7450397416 -46.0750905141 -18.2857202309 33.4771133221 -54.0345620828 -0.650764419991 3.24792103616 -18.2350612895 -6.86851664423 16.3651250498 11.8139637328 -1.68723344543 -1.21344206683 
15.5910119481 -37.6537762768 -9.63362609442 37.0597105873 -39.6335212015 8.92927010113 10.5643817678 -22.4690956617 -8.85784896046 9.80121005293 3.57689376345 0.92955139332 -3.89030140541 
15.613455754 -39.6507065737 -13.2464952865 37.6837152212 -43.8605747719 15.2367214981 6.24782964954 -11.4301177139 -2.01351510449 2.12386561505 -5.76256291182 -8.80139111315 -4.51345513277 
15.5192244535 -38.478502868 -11.8426194941 33.9394228414 -40.5519074182 4.12887599432 1.91567733753 -13.4145836969 -0.728797417525 -8.66597331769 -7.68514803878 -10.0768724702 -10.0545350526 
15.7279669399 -36.2291226875 -8.35733206643 38.2188875183 -48.9943378865 12.4877758099 4.16213766965 -9.9421515753 -4.1198050366 0.950884879954 -1.31210536976 -4.13666390564 -3.24662197256 
15.7204538401 -45.9911587233 -16.6671915333 36.0689461392 -52.6727413546 9.14171451781 -0.329707329634 -20.0773622884 -12.5479306064 -4.39751473118 2.36445471486 -0.610519287611 0.715641347133 
15.5159411859 -39.5705549959 -10.0713002913 33.6127109251 -40.9212806607 8.08286145445 6.69776222364 -13.1151867852 -3.39648689882 1.47664067075 2.99760641892 -13.2049765375 -1.3115873573 
15.4873374808 -25.7815358142 -10.7349691081 32.1264536163 -40.1590480816 16.3326732583 2.8589224872 -10.9906966879 -0.4924766482 3.16781290169 -5.32965001506 -0.817353149574 4.02779833352 
15.5014285718 -37.4342122267 -12.4841558789 37.9414230983 -42.8338572122 11.4281160616 3.44659256801 -14.6499959693 1.31687693304 -1.32705857856 -1.9454148967 3.80414449063 3.39086016939 
15.193729108 -23.7912133973 -11.991966678 34.1613096556 -41.4095180863 16.0330714415 5.60767402616 -8.68104442972 0.552296744718 3.70516630661 -2.26665361811 -8.80145579605 0.984118163397 
15.3334245521 -43.0570496919 -17.4774937094 34.4833002632 -50.2348680619 11.3439033329 3.5186015786 -12.5843742969 -8.08806561191 -2.74464802636 -1.792935137 -11.4332282652 2.5852002325 
14.7037185832 -29.5973242099 -14.2630320324 38.1165055751 -41.8506851047 12.5986131205 15.3701797866 -11.3683555684 -5.80609000142 1.33655858442 4.3869663854 -8.20077841239 -2.01713951774 
14.6115652745 -39.7496124734 -18.6374511051 42.421373264 -41.6792888291 5.59338893955 15.2813686639 -7.76674900163 -4.92018188293 -4.36886898255 -11.6337466249 -16.6212160682 -1.89054982392 
14.5189164945 -39.014480671 -24.2724914737 36.9816427202 -51.995801977 -2.69678414985 8.78362916292 -17.965818402 -5.12368522454 1.77824948583 5.04173485329 -12.1670699728 -0.823911423392 
14.1525894042 -32.5085628201 -15.9786131413 41.8002307988 -41.2957652581 9.83931016959 9.31864427208 -17.4728401898 -9.5295078737 -7.00568221601 0.028302870566 -14.7214673196 3.3191472394 
14.2662784341 -27.6641979007 -19.9240094817 36.1192285726 -35.9849819659 0.32150260111 11.6152104154 -13.3431417566 5.24335542654 -2.55933875275 9.32445397395 -3.22849648945 7.29061972678 
14.2280279765 -24.3656469957 -21.0559745863 39.4093029065 -33.2324258334 5.46621254505 12.2558547863 -15.406503538 -0.431484702144 -1.81458894122 0.420685576276 -7.90030555871 3.193658855 
13.7546975977 -29.3698143342 -24.102915272 37.235725319 -39.5303547435 -1.25168260582 15.1985782323 -8.8472979723 7.57110515408 13.9938884168 16.9628817964 4.22150441558 -0.552248950379 
13.1681959015 -29.0674026298 -32.0808698346 27.6067944519 -46.0978295348 -14.318889625 4.87804439145 -20.9917902103 -14.0599714017 1.77853994939 5.422084441 -2.81966284286 -4.62341206705 
12.0593427497 -18.339886793 -25.1924654413 31.203366283 -26.059852876 -4.7597586826 12.708293075 -11.9863712372 -6.66596617693 2.07446609767 3.90591777077 -0.221440252977 -2.74517334084 
10.9067170118 -19.2573710175 -20.9919283035 21.1884546853 -28.7643337409 -11.0418472973 4.94342902998 -14.7365725769 -9.44840208734 15.7951219122 1.16974585351 9.63133295983 10.934705341 
9.98400647274 -20.3786294781 -20.0367520135 17.365151965 -19.3879674103 -7.9839854698 8.41073878711 -11.3686921337 -15.3878294585 14.9245411479 -0.1722378779 -1.34877411473 -0.124579027566 
9.32016760598 -14.9630310352 -14.6726565149 20.2262432175 -9.33894215073 -3.86782685997 -2.42464846719 -14.7232219905 -22.0154940287 1.28150000077 -1.6853189315 14.0442451949 10.6192836776 
8.76990280623 -16.7748859719 -15.7300146809 9.95985961107 -13.4075959475 -4.68979553669 -7.54024159882 -12.610790009 -11.6164431963 2.76031186729 -3.02599745466 -0.800163069373 -7.1839102113 
8.67641589123 -15.8843882954 -17.7978444281 3.86942633181 -13.7611998876 -1.99670500335 -3.54302429571 -6.60499696882 -9.4114154765 -0.520515469498 -11.6723690222 -0.91431467001 -1.81830252959 
8.32175403741 -18.2966436312 -20.5732921526 -0.574632047763 -13.154439149 -10.3718755277 -7.93644026127 -15.7397975844 -28.5683873628 -20.5932901219 -33.6829312897 -8.57811886992 -13.005587511 
8.35133753146 -15.567865791 -13.9305800501 6.21750908068 -6.60348687996 -3.16782476747 -11.1340154188 -1.77119951405 0.393469617893 10.9242614641 -9.59558989443 -1.76816061032 4.03918403437 
8.33179999833 -18.3602878743 -17.4254808217 -1.96305996377 -11.3574322222 -0.177079943639 -4.16161407291 -1.37748534125 -8.74183732251 3.06943912326 -7.86943013124 3.27208858561 6.97524783448 
8.10396751675 -15.231546316 -13.5716121669 0.496543233378 -6.61267954389 -1.63457056699 -4.88887708274 -6.38594299255 -16.3609535444 -5.83114365709 -9.0586802378 0.739005801013 2.8301673507 
8.42721205186 -12.8088265468 -13.3591646713 2.6116966854 -4.11956036924 0.536498485664 -11.6037613818 -9.8471915903 -4.5569189756 -6.53981829403 -12.662844484 0.290809490621 -3.48576222042 
8.12857712195 -14.7791735465 -13.9368849249 -0.00435049652903 -1.77070963346 2.87174378473 -4.89842767493 8.54735241855 -0.382441098357 -0.6486343308 -3.9181977099 -4.00101325075 -12.989489939 
8.2880605079 -15.9707661154 -16.4330084105 -3.20146865696 -10.3115267859 -3.12064978713 -7.34442642009 -0.144860109008 -2.96000957146 -2.00797894503 -13.4850602343 1.19282123394 1.60238581796 
8.2911204218 -14.1591353387 -13.8285692222 1.60234664551 -5.65949926939 3.66006442135 -3.4168404292 -0.639966698881 -6.02299255704 -0.345647350915 -0.946428881057 3.12122719954 3.5664173236 
8.1187230578 -15.8894242547 -14.6499641807 -1.61456527997 -7.06091735899 -8.26214538395 -17.1071370316 -8.16952505179 -15.7978257638 -5.73730296839 -6.08760667437 4.37716058011 4.56792696745 
12.1027623314 -32.3431944381 -5.36748695085 -15.995323013 -12.1796298345 -12.2514862875 -15.2059987566 15.373871721 -1.27866646927 -2.64761617357 -13.9893288578 5.72722648689 -6.33275398278 
15.4467510703 -30.2484339605 -27.7872036725 -9.5419441365 -24.9305896868 -16.7863553298 -19.998730717 -21.0871391674 -29.5676146322 -11.3225283106 -27.7553615811 -12.3249800555 -0.241007518918 
11.1547978429 -17.8865276446 -12.159483327 0.88064727235 -13.0883568557 -0.0489528859103 -0.204744422998 6.10093495854 -8.42021811793 0.287255944013 -16.673125231 -2.32174088389 -6.28206783889 
10.4054856967 -22.3131878592 -12.9348374971 2.30150834923 -10.417868405 -3.10015877722 -9.16217669578 -7.53250206684 -20.0073988113 -14.7101275657 -16.0757036977 -0.9881947772 4.72164447702 
9.8689625628 -18.2838231847 -19.1258386171 0.584621260963 -14.5809907611 -7.82351318981 -5.08515628736 -13.7875013152 -22.6133256487 -18.8232626989 -26.7095393987 -15.2043094138 -7.41346468477 
8.87882570499 -14.9330603201 -19.5775997024 -4.509500621 -17.2030109194 -12.8308776022 -11.6428899774 -4.29439598972 -0.360149400058 4.5687288314 0.644172751716 5.98019620643 -0.383189410206 
8.46570497713 -10.9128668428 -12.0347445987 0.960629754014 -6.79994498605 -5.41759678364 -13.7491237473 -0.083057697825 -2.82324405386 -3.9432656084 -10.2530216357 -3.86096421246 -13.4476568346 
8.23368788335 -15.9310640216 -16.3141939943 -0.60409868542 -10.8242855354 -2.65344578753 -11.5107911543 -10.3865872831 -14.3385834954 -2.93534021629 -8.9033535205 5.08019642775 3.24974759419 
8.26583869013 -16.3176294365 -19.8676118608 -8.00846643682 -17.4756402188 -7.01184734238 -20.306864081 -9.00432148874 -12.4391095637 -7.26030769206 -22.4244953733 -11.6141185889 -5.91787359043 
8.23586135001 -15.8721232 -19.0902771269 -3.63805435076 -16.1649313029 -5.16539670183 -13.1631243457 -2.94209403565 -2.65918915042 12.3970371179 -2.92343505652 -5.48838649364 -5.73575622731 
8.67757172577 -4.97159163948 -6.39237750643 10.5074244761 -3.93599737362 -2.96683616115 -14.842712316 -11.5059994258 -23.0323710403 -10.1796149249 -21.9540220997 -15.5832574659 -13.3454116586 
8.44969288824 -7.18117068247 -8.79267135592 6.71956516807 -2.60635626815 3.0043901347 -6.29001870633 -4.71874256529 -18.16860056 -8.47329076944 -16.1412210639 -10.4388161346 -16.7216213692 
8.2095738924 -14.1242159989 -12.5286077407 1.98608352683 -8.1361632823 -0.778705622448 0.00317129382212 -1.45339220689 -9.02616600652 0.741743619316 3.20142892895 12.0680175365 5.96987061899 
8.22297094236 -14.7621079232 -14.6818660135 0.863265054601 -6.49372891044 -1.57068268437 -4.54839141399 2.79056556765 -11.3531138468 -7.45612967855 -17.9487740592 -7.45834461686 -3.05598820327 
