4.781096945046378 -40.558967072537214 -1.986887419542827 -8.60737830640267 -0.9599519068723242 -1.0461572675180772 4.158747309480099 0.31300032851610293 9.90319296875145 16.57248583609938 9.215183964252036 6.5488495078232605 4.148414110657047
4.725791365648062 -33.583721969157324 3.3223715706192136 -3.4979743362674633 0.6276327635426893 -2.4724626929650997 -1.4096356207082843 -5.689312936329435 -2.1624853491073788 0.5685294380330308 1.8960165227021493 -2.8791715047883564 -2.8988505287545667
4.694833761213069 -38.52833036223889 -2.0864643086265757 -7.006703599275389 1.817697462539106 2.344583941025071 2.460611367188278 -9.031771915162498 -5.851427620089211 -4.885058163857457 2.3416769031255065 5.214385507504188 0.9658630101859007
4.734316593838344 -46.556560650898916 -11.668838826752225 -18.63231638969964 -10.579486292730316 -5.565036177533478 -1.963368176014359 -4.460619467506043 -9.18446465086734 -7.577143860539042 4.855504743468969 5.736462063917246 5.801041507312938
4.860380019703201 -40.76364393645495 -4.865721503144335 -10.547061523821391 -0.4816067958111027 -0.6227714423890038 3.620708983897283 3.841171951192535 0.25185136558977916 4.902015459471569 -2.1153533234602007 -3.064812966059924 0.0038696865421129073
4.720854209495099 -40.60505602581448 -3.9977324992128977 -4.442796243708184 1.5698169826720647 -2.7834193125219544 1.291632057955022 2.368359721532897 4.145551984111352 -0.7304525301764493 -0.4669612169312145 3.152603933543746 -1.2142537842321552
4.775177854944325 -45.722597262704475 -9.994715986696077 -10.442196541263932 0.17524150898520677 -2.655733341237829 6.627078581498655 1.977716569406496 -5.695755720111621 -11.642131496796784 -11.583057653359537 0.042535388849320455 8.461285140883469
4.7595577785975145 -43.59630002576151 -7.859623555567496 -12.659997060367774 0.09795228273718272 -5.175222021861172 0.24972416714858073 -1.9030982348613454 -8.601029728809976 -16.186300105870824 -5.871699864993762 -1.7851384915372501 -5.561575922104032
4.513339194828599 -41.66413447011854 -5.863183871703143 -11.318068735230012 -3.026425845813907 -9.848468164989095 -9.280130278049409 -3.797895809614114 -2.688404990151263 -10.659458523115314 -9.07622814270022 -2.7778047763043094 -8.939088067824944
4.702354280082566 -44.72908701573013 -7.390888445790653 -14.10277005233325 -7.046535721648186 -5.553228959513507 0.6575999539412618 -5.037162443875197 -0.30310788664083127 2.9595232580558566 -3.6116207669271185 -7.006159587981957 -10.921527830123612
4.758535427417032 -41.65933403130642 -2.6397890238161317 -3.389532273950762 2.369139607194565 -3.7861796666777425 -1.0591526374536175 0.45170723277998226 8.583936637357784 5.287598780024136 0.25685877206234425 -4.4620568285678655 -9.29658547986984
4.745569459192195 -35.719501206184006 4.03267751590468 -0.09289283643737413 8.0672148995892 0.12615076303965794 -1.418883887971722 0.09043544822221439 6.1732431058251125 1.418658646393187 -1.5172783166682453 -1.1282563532013001 2.859804258003853
4.7879889238545505 -39.52280252551606 -3.2461232721431457 -7.896641345698708 -0.30447490073307015 -6.255296656114715 -3.9623525225661305 -6.54735571058789 0.91790076356752 -10.098672569633036 -6.705393312161385 5.562296569005783 10.077494554837699
4.897316833528646 -42.57389317116024 -2.8660920014902977 -4.954957962493343 3.2141101266305308 6.5699633856292525 8.976295503092281 -0.6814246909989228 -5.444304513607662 -4.941108614587115 -4.226583483217589 -0.8229523376633225 6.364348360992739
4.833290403443258 -44.65268860799075 -10.057494427274275 -12.642197111820114 -1.9607500261745676 -8.394531061412698 -3.4587104441970378 -4.586318227632298 -3.9920585017121457 -3.4104487645505057 -3.731844771128929 -3.714109835514173 -1.1562893517957753
4.882734823093299 -44.1345402042384 -7.435704856616986 -10.639301401624143 -5.969189423169689 -7.230485743231204 -3.6235606098331967 -9.948575190953632 -4.028075087645862 -8.249935692671173 -5.971746143555061 5.167143323309027 7.527800048864699
4.69277567730971 -39.388344251053894 -0.1620010309101935 -3.9972937107822317 2.2829552770983654 -0.028692045065959845 -0.4075620988153941 -2.1749037359360686 2.627325508690342 -0.3955899601345073 -1.3458513744531009 0.45778086960223763 9.264763014288642
4.727958466149727 -36.91455651074841 -1.0517913226923554 -9.103842573373326 -1.1911765728764607 -5.845739788020167 -2.01795775658792 4.436920487854185 11.60373832400917 7.11395452909357 7.644858717579723 4.939935768233461 6.185072439187014
4.8235475172119315 -30.02688206147364 3.0830375356515343 -0.780294805096298 1.488906737258039 -3.973147889712977 0.3910441158309009 -1.531766419962748 -6.2528503922462715 -9.328625750624957 -8.387186817122016 -0.8543532209312532 2.265778153968157
7.48898931432281 -18.792016432997794 -17.91000274499496 16.850213643474643 -4.30762528705506 -23.329465800977392 22.475920086922354 -3.100213730374536 -7.723373930529805 -7.264707417059441 -10.253455443006802 21.912417197429747 2.685655744244441
7.0885405576721485 -18.156551120673264 -16.73380423387158 12.028528930722278 -8.967741831731685 -22.273345045988425 17.65810088031311 -12.004033142003689 -15.693966506693176 -8.853659054656022 -9.575253060072411 18.35235511896789 3.867112841932137
5.989976067312773 -16.54864691303601 -15.907879382190805 -10.61026535345271 -13.821419030011173 -22.70444857024581 -4.786250768433953 -27.534926185655106 -24.164491181981305 -24.088183156645503 -14.979744871577466 9.444030720934379 -1.7820947316098725
6.159266328063015 -14.627680168063867 -13.516600938314127 -4.218378606076395 -10.460576565587811 -13.165658410893114 10.343963192881157 -5.991087354073949 -1.1502026272983394 -5.055653268131609 -14.024889703194024 10.511672912799005 -5.233931669197891
5.999276487978093 -15.703774475281145 -10.693957076333405 1.6100529591398625 -4.03183502856882 -14.189413667500133 13.82155971969627 3.109512987916756 7.368430131051121 -7.230866831002916 -13.827515635948556 14.251090201617721 17.89621068446947
6.006483402428265 -15.028200542312266 -12.725450930432512 1.2720224101897295 -2.6933679714751464 -7.542955285803217 14.786183282995749 -4.799199308888772 0.35310828073217526 -6.937780738946147 -9.485797083377893 11.87062278060862 3.3283549121470952
6.082194331913724 -16.942641703293816 -17.387402094947284 -7.456235709239522 -7.617235083492194 -6.985123417517858 25.606772744887113 1.2745174255268399 -0.021003697474634254 -1.2332099147687485 -13.728765842661861 12.271706612582193 12.572245245857237
6.3856987544251025 -20.30393752909742 -21.550581513079976 -0.3129714265863329 1.1235946519973028 -3.030282216948289 6.608942624552312 -23.88198099325657 2.5103547730809317 10.769880702606907 -8.426093172835413 3.681961836700179 -1.088136601966477
7.463005398112975 -20.40650141800034 -25.22153682955927 11.49450670119718 7.5052737484684435 1.2063582606560517 5.892463611012696 -25.185287441003307 12.351032196333 2.682504785448623 -26.793269450181505 12.080189258149211 -2.55458241124419
5.640321318785529 -22.67420369787874 -18.80713693630426 -16.040542985968155 -8.075544449778928 -7.406459623231487 0.9063033760296542 -15.416358456852276 -0.9442566451066109 -3.6187039810651704 -13.517964586977708 14.402062834073293 22.037877820503837
5.243186141057923 -15.561029162870977 -8.639351140069003 -15.340927854828973 0.6238987424569913 8.02095313777898 14.348340757513053 -4.594248898185509 2.4967589167611726 21.86322149708411 4.491461137145129 0.22592905971988386 9.660855376082365
5.212381487707425 -12.836222364001319 -5.330257701174251 -18.846847685049024 5.7571390667246805 8.053778995643196 5.371191039927992 -8.409791524273027 -7.232963128651355 1.8127877392787108 3.4102769515835236 2.6470353422867197 3.080596492071641
5.188634000857733 -17.87358626735627 -11.795484709867267 -21.073746496530795 1.377875835497665 -6.730896732925274 -7.326528006107772 -2.7798233470207467 -9.586446123217936 -15.029418389413856 -8.176600459236282 -4.2275593044971425 1.124178380948705
5.124958654053718 -14.649300648034204 -1.3988037514706806 -21.15699940393728 6.874372161930113 15.583867501864095 1.7574467027417462 -8.994424132561866 -1.8462457204503653 -2.336891633413414 -4.936847520828867 5.263101995081375 10.784830891141048
5.232182526137216 -11.93083923173995 1.2566294234895627 -15.989489881088792 1.7038188825044 11.258119910712074 16.01029067954229 -1.3802616226991078 -10.16995256723696 3.6772725298511157 16.625891708997806 -0.41406938444015773 0.6300477986503593
5.218456516198132 -14.79546133849581 -5.056833165866761 -14.71055571885934 10.054604971881119 5.091436852343656 5.752662678686919 4.64402912983777 -8.039200637859222 -2.2185102334854245 -0.20718950600889213 -11.71103603142867 1.0786626370881613
5.508016452515535 -15.68264755720139 -14.353564434399198 -20.86741083955068 5.937198873873399 -8.82953198664311 -4.971331601969569 -1.0436949181686799 -8.41197720383256 -1.2833187245128097 2.1346633929661074 -8.372120335400837 -3.8986018854040903
5.652193709675242 -13.804358020477379 -14.104841038747946 -9.56407050776434 12.064445333807775 -2.6755539767038243 4.088013658701703 3.214363086676055 -9.52063015963739 -1.8224449099598596 5.9437315946921245 0.24052751891331425 1.4105452898118587
5.9694698018740215 -14.24165902799458 -15.86161717089108 -4.982032275150618 5.127371601276006 -7.379760723316808 13.530236701284931 -1.9909137767317588 -7.505184396274579 9.305631144779833 -6.2517269096894665 4.714265280874231 14.296839985505956
6.272582601479758 -15.460534293510852 -18.217972858819913 -1.9866878360167899 6.762488661597127 -7.74953472060293 19.25927807421576 2.232899666955765 -4.076805408394083 7.041842697428501 -4.676755447734816 0.6151996541550072 -2.5999608392251696
6.239098472957119 -16.95656876944696 -19.11709474194626 -0.5966687776300906 5.2698464458545375 2.42635462068788 21.020589922918784 -6.161295658078634 4.373112926521398 11.341913558463679 4.9710636508369 20.586019798355995 4.031950465519698
6.032394779364072 -14.702680806677492 -16.874980950512775 -1.4871079702347905 6.64438761492542 -5.420114740710922 4.518137797929578 -23.739495674663512 -6.841888970700205 2.4725766605661694 -6.3535418162275406 10.150512312695248 1.3166560989278022
5.992168182799098 -19.23161282528031 -16.322437475259612 -2.1926204538454024 6.115749407771497 -3.07220828503328 16.132814863825566 -7.887982648053575 -5.502434134908448 1.3323540122114526 -5.912375944050845 13.349398828263325 8.128186641298877
5.900232551036246 -14.500061853433685 -12.075451686448503 -1.634575670739331 5.88886329883441 -7.1326266953702 4.013715830857536 -17.328997573701958 -6.013684025831717 6.004835672687974 -12.573907630358468 0.14904349533190225 3.3051818258168866
6.070693588207616 -14.971861167396899 -18.640373877487868 -5.725655093214597 1.6663323434570285 -7.333802300769543 14.716571584799476 -11.190305243975745 -11.64485391279947 -0.14534265361909732 -3.0420772128746805 5.165156147227898 16.695060275494015
5.989751444843664 -16.036886362614432 -16.202848459143183 -0.8741636922859005 7.96635384134571 -5.075610911115294 17.581426727479474 1.1197513790601654 2.172408061604043 13.832480514242597 -5.921461766173242 3.4026674948294797 8.987392012529137
6.218470741302786 -16.254959531064113 -21.667494970613443 -6.409534893084116 1.883947576972903 -9.97094965703651 14.286302477688881 -8.975397157602528 -3.7148788943777022 7.165783961718116 -12.492888110405584 2.8999777582245487 14.22414135731179
6.2292216068837165 -16.930773270645307 -19.996790951820742 -3.6865123680182315 4.464084216256952 -6.929888806596645 16.392637122332356 -4.847372531231195 -5.6372385774968805 6.090261816342298 -9.125769272769393 -0.7606864294940545 7.461283584317899
5.952199714622082 -15.129096159052766 -17.867589465867507 -11.549784651876873 -0.12892958778437957 -10.313527398903128 19.266297562007427 -1.1400011796574225 -5.595788399746492 10.342074393933174 -8.82544924489689 4.509420628195727 13.032105295385827
5.950535162076292 -16.183563679489005 -18.847738309866102 -3.693975089308305 7.73920687359433 -3.0393425024332514 16.484094652125492 -5.429091563397128 -3.0228336344105924 7.114635519763084 -5.98692497854437 -0.8791261226988628 3.917569661258071
6.039000342296201 -18.551107779071693 -18.404738433211772 -3.899267325534109 0.02648149318306841 -11.132774242373387 18.73035186007553 0.9251222482006337 -1.8568764610992594 6.342836276438517 -7.346801445450413 8.222080641394601 14.397678216353436
5.795412417677745 -19.601447752416526 -16.25930707524015 -2.45923870653097 2.3485660783790108 -1.43747334744568 18.86955831561092 0.6324431466231233 -1.6609187691006084 4.658811197301059 -14.747947535096543 2.6039133677628037 9.847059828360996
5.783423521145838 -17.790565533207538 -17.840788901328658 -7.457603697137603 7.245272531653711 -7.4923429163547715 12.816523711454247 2.026646647018407 -3.3271641279739725 4.890554482483249 -4.073598035245121 8.368892016455192 10.476071882166893
5.875916158518915 -19.503095071022972 -15.264476324485017 -1.8023223838745497 4.695004414453605 -7.188401842794315 12.235286427706143 2.1179524844551003 7.660273213625158 11.81854961409071 -11.86443856273249 1.9349515070079308 15.424488512857264
5.789379585006468 -19.50654659738688 -15.233063018971345 -5.236240588123468 -0.1628556981063379 -12.91000520078783 9.868991501414929 -0.36146122144049697 5.650843482830354 20.21605760898947 -12.613792829404135 -1.3321564460842008 12.28516636799373
5.770170189521687 -19.33731273001691 -15.060080615397192 -7.270038677787387 -2.3262252966337877 -13.328633829514137 9.704702492642472 -11.318980677609588 -4.8797106489887225 6.481482731269766 -14.248270696300139 -3.1273214027481697 7.045934046096785
5.796767292507869 -20.571529804320306 -16.52393960586236 -4.201630805941969 2.3109075592582378 -10.56575121663243 9.768402704663258 0.31939465884807344 4.486443800395831 8.983804884478904 -19.52685776956894 -1.658321338683594 7.394175034197421
5.604677460272318 -19.789578987946157 -13.29599782618724 -6.451450821631511 4.045429087406807 -12.702777593930632 3.606334030447145 -4.002293415059399 0.696701720852526 6.026973796961978 -14.051551346765903 -0.2029222278685784 6.044097312798922
5.5094877070068735 -19.487063534973597 -12.45443330523158 -0.03370129061352394 3.3107509585772443 -10.040487922599256 9.162767292070741 -4.299078680992424 -9.3862504134164 3.232335112674727 -1.8069885601436857 8.95190204613337 18.791508944335874
5.408468674827194 -18.355187093320392 -12.569781008866904 -8.71424024622294 4.053346233709059 -4.27655790185239 9.533672334830083 5.672654069523088 7.412505254700315 11.762365701221274 -6.766673273050211 5.263975524546549 17.21493556233691
5.392044754091909 -22.39466771561972 -10.375042367853192 -4.983339030991377 9.350257348866494 -0.829871462574466 10.120174544534585 0.4302589900135585 -5.39268381693301 -3.3116607733354515 -7.833520910527585 1.2983349040033871 21.96986395108596
5.166160694856182 -18.722985386497086 -4.80491651899328 -9.381604888997991 -0.5396622642061035 -4.597702047812702 11.63486301713794 6.473058525173834 -0.009034166163774813 3.8866997666056373 -4.3488373514340335 -2.895235589875255 2.901132456808674
5.267288217763333 -19.74070826443849 -8.686465484537655 -11.718078684461739 -5.727549848934546 -7.950991197364574 9.669217617527957 2.1707721159129174 -2.1896724527030407 5.095432463611832 -6.003164266266024 1.698735248914474 8.700587814616384
5.427250350996329 -20.353693002368416 -9.910678531193684 -5.1402929715235 -3.62522925639912 -8.50237133302407 16.404123398301465 1.0220055301917879 -4.13230546913831 9.394699227631854 -2.87167615934811 -3.2452044251316194 5.252740895365731
5.308325841789067 -17.630975972341634 -6.233090884676108 -4.078273135954246 1.693656072573599 -7.8826744295111375 7.172662233523821 -6.346588627509424 -5.514999763583347 0.7106090087601387 -5.145045666887559 -7.634246821810687 7.861867056557484
5.08237384466392 -20.460024786119536 -2.1550825433596508 -3.41139744880753 -4.117872930397854 -8.94649650688544 3.8237423155785315 -5.1222317138229325 3.746834987521864 7.34469704636434 -15.618397219293046 -8.799293993555501 13.968486736994207
4.990231398652732 -17.703786089721074 4.723365716809393 -11.80943117533547 -6.043218227242667 -3.121800396656607 6.871889104019894 2.4857107908085205 0.8317970612819505 3.545614333368955 -9.281584062575387 -5.2846508325855 11.181556569917523
4.971322659322478 -17.216496519714156 6.371905591334475 -11.7931530603501 -0.5396544599623659 -1.669245233398009 4.913434894776444 12.449775254888115 11.606062901789915 -2.425734933708262 -12.65384911986968 -11.47697347057633 9.936208520252604
4.86267945384097 -18.349565054242085 4.878756247451672 -17.794155957458425 -8.429466310645388 -3.3666058337793663 3.5884523387843714 7.77039754540617 16.117512518369143 6.126385891059657 -10.0957318151199 -1.9121011538526214 13.822952851107027
4.712753093778659 -16.504154190282833 9.817792042817317 -8.35926469146256 -2.784882323327933 3.5158383678652148 8.9620656655775 6.0875091759447635 5.524714820214232 -6.433077921408685 -5.122096393193501 4.726213686591788 16.565485207117234
4.812753203964041 -20.128128194538984 8.638502533359 -12.854779780664904 -14.664668825477747 -5.721436401455886 5.770443142215382 -4.444045522527467 -7.693085602891382 -9.215936485160091 -6.172144756254891 -1.5729537470406767 8.125134602434098
4.863296842637906 -20.672457345996396 10.204060542898814 -10.162547020880899 -8.144763271175458 2.631865345404773 19.099274294928065 16.839568173867406 13.4779417870372 -0.089829823127296 -13.5818639205025 -7.557169806409523 3.230962652211698
4.8343325705432 -20.919778086828558 6.37421640345677 -9.343606293840052 -3.6795316518499894 0.6507771655042541 6.961198969721638 5.856032111627477 -1.4898828752998277 -3.2821015666212605 1.474112511231884 9.499662276665271 10.155296359864762
4.9649204531051705 -15.522250076595645 8.926520530852214 -6.891152590272849 1.613415133693966 -7.674186576905106 4.005697860968976 11.231156031515589 8.068396569890398 -6.939495435213675 -12.718836340962465 -1.3805000786641992 8.639763272233804
4.9291929338633045 -19.04960322939093 6.207177758177083 -10.11118713274045 -1.9177227815700075 -1.40026651017427 4.071222027449101 9.151896998958316 4.577091870978785 -5.226630074078632 -7.61371843027568 4.365095995819424 13.95312488735332
4.951189615724688 -18.95125974744339 8.923360406270557 -6.026199692244249 3.6576114714554335 0.8163726731510192 2.5623885802555093 12.26294825464099 12.743137867051836 -4.215601265727932 -19.360533726179273 -10.17548439932845 9.578517830154409
4.921791473582033 -18.796641218354942 7.844269079638557 -5.857279070538424 3.5190451702656658 2.5390498857161647 5.377879939537242 12.517281826153114 10.661904379938273 -6.920319512026202 -19.668920562566647 -13.767902491968165 9.373567275666524
4.855123187079366 -19.049324168660466 9.549220774599112 -5.649606497883979 3.55548556953573 2.5212533565765733 0.8708889604562001 7.401276153475914 17.008445240592046 1.1169872865683046 -20.383603162523713 -7.624388438155683 16.346967020168425
4.868522477820754 -21.756428163219013 8.758587249460732 -7.166817609697319 -3.8919885449512464 0.8472634696970311 9.559396309795632 3.4684734463381415 -2.2604916820348704 -9.452706151311439 -3.8645588507040096 10.620808849388297 18.453409046249753
4.985450950762855 -19.41798386851071 7.634700814388078 -8.137735926967236 -1.747374696528018 -2.573371437911716 8.977237299425752 3.7128494166982624 2.483279772089234 6.434454402975738 -6.0249225702835485 -6.551557199241703 8.297602744834235
4.931080276510352 -24.405751648417603 -0.06382555489269362 -16.670224490991934 -9.481320835520911 -12.988274333128333 0.598897905208187 -4.868109126302179 -5.003893733904424 -0.6629694609028348 -1.4636224335549188 8.964940862865344 22.65374277304918
4.875816626860604 -21.154428503783127 4.021324220871333 -12.335341122936182 -6.825437568017964 -3.455426773894314 7.311538345398166 7.2535587409089555 3.104084360923451 0.45347061179307735 -2.706152909775846 8.123877218914764 17.56505121547884
4.893810677427599 -19.616878603536822 11.217985037168658 -0.38400093821206677 3.6710646924194807 0.9291434369072363 11.267322356822753 7.3990660245290565 5.425001469617647 2.57516271993518 -12.233532622195893 -9.86881648482728 6.662286850831655
4.8282022013949035 -18.600986081836375 8.297100184097363 -3.1406253683534393 -0.4266690050609262 3.7996319243707712 15.326281729854589 10.862694085261737 3.8964205275087145 -6.796900647265938 -1.9926874445561165 -2.8760313507142525 14.03293744908939
4.950509722944909 -21.503233578903295 4.349607639768729 -4.660707133514907 -10.874346688401769 -11.267515315791325 7.187907796817415 2.7643294632763498 -1.220536430389847 6.772812266014067 -13.028909536341283 -11.253657332732383 15.884318899311094
5.095965292649242 -24.637054347249553 -1.316853531933922 -2.638307436949457 3.6270595733537596 -4.663360745287527 11.761906863628878 1.3906407170374357 -4.502981900285888 -2.1450604436949905 -17.780957832920645 -12.607935203876021 5.034465706212387
5.266335838711412 -23.85763961306714 -13.852848391446193 -8.548001112474244 1.6563267411850908 -13.35150305058016 1.181821085492891 0.3370275645691405 -16.037889857392432 -6.035168826880661 -8.412462572830092 -12.177188009250976 5.028075415835257
5.4562634971980515 -18.59920538539477 -9.301287183835745 0.5636331352376351 10.089723413872571 -7.981550030364636 10.590054902605617 2.610197722895974 -5.224408908419928 12.120491248347472 1.2198200131451704 -6.421771233447286 7.211778733492117
5.585395192026255 -22.73048133231982 -13.289174737663902 -10.153563996930254 -9.378732854896171 -22.399122188936314 4.588013946240237 -12.619668513300025 -10.352000904484544 14.632046457075063 0.841819180346169 -3.6702134370903394 13.182368427838751
5.500222020983914 -21.451088730201725 -10.538786997202513 -2.779957676081131 0.7912436415696849 -14.700010804280527 4.054400503056351 -7.676183363894205 -3.676670754402138 3.9960140007874116 -13.63410654572805 -10.098806084780179 4.8717415707973455
5.258172442771784 -22.672011715738574 -8.783299140936812 0.05180461628080099 3.9242625350030806 -12.892484309340196 3.083985183014411 4.498442242478757 -10.154764348358281 -14.119789512535196 -10.543921175327394 -3.0395103773779586 13.647062036512748
5.24859042086469 -20.57605489031482 -3.334681417587965 0.40838188614137155 4.55307141359338 -10.837796254341741 7.282332297126763 3.6641677252219176 -1.181892421894718 6.042330059109125 -4.390685549499651 -10.662724588949533 5.255912298707014
5.105506712886315 -21.098836899872065 -3.7850740577936364 -4.486498795227618 3.750465734225797 -6.884249166818667 7.9593474696000674 5.758120932898987 0.6888276012795653 0.09045954027148176 -4.0398113740332695 -0.30858709112928057 13.169581019824884
5.043344158501073 -20.835080369801638 -5.411827343586424 -1.9653363465889453 1.6456968919226913 -9.846627877769926 3.132807415366223 2.8248665453628234 -8.224226392653847 -0.6224013156826153 0.6727379995688663 -3.3662307401729734 3.2711794608063887
5.191132872915092 -23.1460182132151 -7.044526826976867 -7.353010931726157 10.129405900491061 -8.217778158668152 -2.6002171188871057 2.3608205740372648 -3.12738531945884 4.764841298223117 2.4703067821734632 -7.909200303622017 6.110707686893535
5.0643201585603785 -21.74288911088853 -2.2591786233241073 -3.002218643585237 8.073352190750956 -8.281575425568874 0.10646885643979438 9.43720674605702 9.917991929783842 15.506529507452347 9.589212152428404 -5.1717796570659065 7.743117595858578
5.184006661092045 -23.07713012766734 -4.431697990872045 -1.2810965326834283 0.7327294005745197 -14.745795115095241 1.3347319840130514 -2.1470762841975417 3.4869042081658703 15.475482896900838 1.9176081065268495 -1.1901416662452502 6.819212852172139
5.6992421216375755 -19.441312391587825 -11.350977133798837 4.3948519959790024 1.3527605471866384 -15.785652579798034 2.8765288790450825 -10.54299974290181 -3.937589449374969 8.92510866720787 -7.179030094198189 -1.1378661606689668 3.8681512030929617
7.498728358505104 -22.383054649278066 -20.132722080934688 16.36120871463591 -7.242115488166285 -28.26881969041399 -0.500144553001049 -31.784914856594412 -15.477762301548548 -8.85089824048084 -19.37353551674681 3.5923956082638453 -15.654211954594501
9.636772381721878 -4.991691427756996 -15.260987828208583 39.31532266752194 4.55284934593233 -11.667996508799547 14.928607578510551 -30.261389600522378 10.386385847571711 0.8820688195808831 -33.71622831327638 7.430553446064782 -14.77664564226394
13.709069898013228 4.0047069799387645 -28.46597933776979 55.97765864138679 -10.469788895595437 -13.956905476060943 9.155683042024465 -49.44748675546368 3.514931544558555 -25.581262306299095 -34.11713773389042 20.707014423152117 -28.98058731858881
16.24643367227008 1.498530869594926 -29.679969987863497 57.75927236036105 -4.010729704792613 5.745958280207208 -15.64724574412102 -22.762773135834735 22.418543145875912 -8.768777773097767 -26.28483573250851 23.847324664598798 -12.902069408970977
17.159156863556134 8.251962021403019 -35.53251566768723 47.636465015164305 -16.906834428671278 -13.440128332480475 -18.671381083351214 -40.239071904527826 -1.4425253490268095 -21.357808558465784 -31.275462731301534 18.178305002793294 -25.46875113826241
17.675164748197705 10.698807284286493 -35.49303462174868 52.260187807736884 -6.9925130619769496 -27.99412206425007 -27.780433172857666 -53.61675929419069 16.438619057633456 -9.476216859903873 -36.88895588628319 15.086284894471724 -7.387814117133163
18.189726838543052 -1.210636952117041 -21.13686064813461 31.672740640776354 -1.1690044886965505 -25.9434664163438 -34.33352226089627 -43.83230560724157 3.790547399459357 -9.567810852533817 -30.562123305444 3.6774995750115416 4.848161668124999
18.736862493973543 16.447878924603568 -27.325852117317314 54.41389024710752 6.90923372397039 -23.648763241313688 -14.459924398473449 -48.59690072654606 19.182467532161105 -11.48637110177275 -34.731492805581574 22.84805734130805 -8.155444209033138
19.62922296250484 19.55066990258939 -33.12229429420705 45.682288908256226 0.28847869314214925 -12.140522413283488 -28.965450007236278 -46.03330179333178 18.894045725861332 -12.799986689554881 -29.272913085195988 21.80046292816845 -6.765201089276521
19.767766220178526 4.362792705742307 -24.95359287701945 25.917751013402714 -8.63421568486742 -22.30485040797578 -30.773529677894828 -57.5324329844107 8.222917390097285 -13.803284015091647 -27.718242297296598 25.702264495969544 -5.601963085714477
19.01815213975485 4.556086023067441 -34.55888717123731 16.103455730859285 -3.952903523305958 -12.31676518228733 -27.878816501563353 -44.33590598965604 5.225410659169739 -21.058051267330455 -20.43866116670006 16.20931861262106 -16.372215345549424
18.380054924357133 11.87675801509795 -37.854939763495885 13.208275629707279 -14.775709680587013 -23.794585253867776 -27.063148193946933 -53.314864978160365 -4.211878732564238 -18.481788706076404 -13.916623996559524 24.190472327524876 -11.300147704396398
18.59765567137989 12.219579151706418 -34.849809917736366 8.99283015280874 -12.414689355340187 -14.45831467786483 -18.673174217325503 -39.85959079482579 4.998679922857871 -9.295861810882386 -3.658346573743189 24.521479653086267 -12.070509241525905
17.88599122302826 35.55749855681759 -55.865863024485044 23.251552196530692 -17.573073828526393 -5.2056190283345165 9.25608657860136 -38.21232012960735 20.851964680976952 -14.184418042702985 -3.2090254333601007 28.12358304681328 -21.103214446727417
18.162550062029393 14.98683575387887 -41.53717586173152 -4.944922250192581 -19.938690205922192 -8.218810534071121 -5.1099822783493 -41.31694892042102 -1.4846205722436712 -25.77469002863055 -15.107630676970746 22.189190963724506 -38.97709254389959
17.957240471066235 14.418945770845475 -46.725256065874554 -6.115826698483831 -31.781216614691665 -6.441477671262199 -2.616354505715652 -37.75546878977568 -5.2683336183441964 -26.17480168789681 -12.311150619527744 10.777922205621865 -35.29070048407039
17.984022607169404 20.68554801375971 -61.98846665268825 -0.824728011046667 -33.11758263821281 -19.74820910042006 2.572165156705623 -43.59480020786814 -8.16565532679562 -25.545105226419142 -9.557846531529938 25.101072620896367 -32.832497568949094
17.495023282787475 14.880499858867617 -44.58880426603157 -5.3255882609514344 -22.327480717672977 -15.490271252108684 0.3335755162799443 -29.994289507620376 -15.75988001357129 -29.2974917368771 -12.5513727156224 6.718891107706026 -31.50152539668771
17.171287639269035 23.619955704796748 -49.15133440485081 7.114596362685623 -26.524110538575368 -6.359909696775917 12.826748787170251 -31.64300973119843 -2.603830934780216 -24.155643312249186 -8.890954671054377 20.804687643980238 -32.37446140017885
16.528944775651087 10.612706303101447 -36.5137726276643 5.468577152661825 -14.5321635923523 3.756037951856664 17.36094378758755 -23.260477404358927 -13.129680335483277 -26.210326000223017 -4.475135388087754 14.513629805447337 -23.689192616345736
14.257005438932683 15.405377384212704 -35.05406245813529 4.278932003579273 -20.556152515964197 -1.6355719562008404 14.605862556488216 -25.8447318877386 -17.375674456424562 -21.53312984780791 -10.151398953943396 -2.6850817924805526 -23.454366172381466
13.828037568505433 16.905344203088895 -41.32981862642931 16.163382835384635 -15.63242971975477 4.124425769419339 32.62250491305952 -34.72360367270538 -11.805740466219646 -26.225379069658516 -16.447896311617082 10.037171707364198 -44.68817031795219
12.243588916755108 10.788750618742931 -34.07707452769884 23.192430930809106 -5.216723214806781 -9.252049406446664 16.937840384327888 -23.930274427196824 0.03578118039315327 -5.331093702728462 -3.3798558605626052 0.8819303447609368 -29.81971276856277
13.12143263005743 1.2380071010418974 -42.65805781579227 15.444950692991526 -21.929235431347706 -32.29901258597932 -13.390396011535643 -31.123507530749396 -21.502687046621034 -26.27136503073512 -16.667182181588903 -20.81740984477066 -42.78362098783297
13.460827129345498 -0.4940753843341835 -41.79947967029771 17.838488259829944 -5.410619377711408 -22.566797055834655 10.151352206717622 -17.227071613307864 -18.15820733053129 -26.12212898853976 -29.42534077784553 -6.04234125493413 -35.651995741307644
16.2965927312395 -0.7424766323024293 -45.851174564629375 41.49381200346084 -23.22447203275424 -11.48843769173027 31.12771284771515 -14.089506607927575 -0.1407265681086977 20.07474567845539 -8.798023989690108 14.881483506920638 -3.6362871639154437
18.681647642916996 -18.010495689006124 -35.3605495299261 47.6957128747221 -21.4667560594533 -19.17142274573978 31.89224646222095 -19.592930133537045 -5.845807895426371 11.103941603261056 -15.326842596125744 1.4286094444641462 -2.3826631515161028
18.99803563287855 -23.906525580265583 -21.879278898527986 40.81095068790748 -29.733068709448688 -15.803526002167356 34.632125933897136 -21.96423065869754 -7.864029004926551 15.180577006284022 -5.932032456258007 5.050473090867295 -1.186287215142569
20.137448676318204 -31.793626315501285 -20.08603288389106 40.60417318162497 -27.363869052186942 -15.930025038037616 32.28325398238287 -22.262320346712322 -8.009721961536147 13.424159847760635 -12.25967806339381 1.3042730491821717 3.0428546793233946
21.159329106479092 -32.274061746239994 -18.615534715903546 41.52866610159134 -32.26849757459883 -8.89010115605972 35.09845576116626 -31.054143017529917 -0.2613074701201745 18.154972518745392 -22.24549710908326 6.096970213477944 10.206933311309319
21.088088830006413 -40.906738750359565 -26.244511217013525 47.55185033460053 -37.046797357565055 -16.814805971927388 41.50513781612089 -29.868432898479416 1.969889928328773 21.907152425005656 -20.40423089585216 7.982304002071127 3.723320467686615
21.63464280557998 -12.19595800621785 -26.645970995025657 43.95726478527761 -40.17329419930894 3.6922127377235685 23.744008152396944 -26.166471744512883 -2.592751356091385 21.56704980211756 -25.375211572650194 7.571591856424863 7.757008424415015
21.79051976200989 -17.728452081825978 -22.761063350733735 39.25978258276912 -30.68994453246215 -8.086325413130815 32.624186357561264 -32.21145313118593 2.251771865258718 18.54588710779956 -23.481596743476345 8.85525993064137 6.895778979957897
21.656942276801665 -33.363291094637006 -24.811552323366865 52.94222106489361 -35.22942807878911 -13.740033781210993 41.5888179465614 -37.046318446723944 1.74028766854334 17.37168146051828 -23.23345485191674 12.62423763244796 1.9268312620471568
22.398756213244027 -20.91116714207205 -18.397121176998503 37.98985649808636 -34.30754242739616 -3.2550524399947354 29.58105880488276 -30.31164909811275 2.182101512175856 14.554708394303537 -17.71259640620307 5.232511827719359 4.832878639387098
21.823387329726636 -27.6871346116046 -17.418408507095535 38.60053013406228 -33.53582927833103 -4.311931052803166 30.409915429540938 -32.78498065066196 6.666607439121826 12.022606059320925 -19.818801050209455 10.463657677232241 0.8738802424674231
20.733677585355682 -17.18936186082216 -30.501002331661372 54.37696287157062 -43.405532163022414 -4.185210948342953 34.28283335915033 -35.21923573085254 8.409916884797678 7.550836070815803 -18.986874478615825 17.212286925058372 -8.378921225023594
21.133702299484543 -18.365297272723343 -26.003108688432015 47.147344082014165 -37.88098898800338 -7.150405797176551 36.75547541904067 -36.26828154458794 4.402899614828715 15.58149294564013 -21.86645637812648 11.293926601749167 0.656900960534743
20.467467258139852 -33.52376820732608 -16.932445879810984 34.28185502499348 -26.34004438119607 -7.041829727479144 26.126426320000114 -24.062851708848488 1.3170538471247943 11.059063826504582 -15.523540932547938 6.841053089530747 1.1539911084506154
20.564539767426986 -23.89166405291302 -36.418308272651615 64.37603443699251 -43.496130795984485 -15.100866681829089 44.91854437561462 -44.00370178744312 17.647346007897273 0.8947070153729949 -15.880602549175036 19.461984572258427 -13.80347192980685
20.718927795123122 -53.93208571441824 -49.711961972296464 77.56280179197036 -61.542256169400645 -10.112633796983244 27.562631465871497 -30.94578257587898 6.635007024508653 2.7687439930071296 -4.984574116299216 33.30227200957939 -20.09044054305256
21.453189766703414 -22.13536898637586 -31.779556119597206 65.36492562072971 -57.12476943042364 2.695546360688041 35.05214484013285 -35.098021814261614 6.351627843264771 9.360696729203148 -19.087776403863025 16.20455516976296 -10.75572736628912
20.623778484155604 -23.3977780443627 -19.968730935215568 41.42024956425283 -34.56152752432835 -6.81013877964951 33.263314588390614 -31.41948462489678 2.018383801099302 13.879199598956287 -17.088625425412445 6.904952906844178 0.2804423516810222
20.93216931924745 -23.607232756455343 -23.824610636474393 49.064677700801376 -38.167694257697356 -11.996763736086223 41.21736930297182 -35.43830979933503 1.3356908976665827 17.88809387080783 -23.19430836213069 11.28346360972032 2.3270438454152567
20.570225963407488 -27.571634601921254 -22.955378009926925 47.43339379095902 -33.65489619510084 -16.4704426190329 43.546772851218535 -32.157515119968174 -8.136158233231999 22.518362238564112 -15.825592876281263 0.5445102932875073 3.786249862144203
19.483837291450428 -10.946824998598524 -31.260816173225525 46.857778761873654 -34.16585634888274 -8.298699928818834 28.77567133232092 -18.311412286891013 -13.709536710349823 23.176758939711995 -14.871121791805395 -3.5161946696896607 9.010606368495244
18.114477118918373 -10.858388947993104 -30.171343062444304 41.01781488909397 -25.11178628561605 -13.14588185348528 26.714074744457708 -17.100393380487418 -7.750146568677565 13.155624590903212 -11.436926144761447 2.5095064295842326 3.379548606907783
17.166751640009032 -32.70761033645056 -23.923505961960267 40.6654247108947 -20.733117636303078 -20.045028324630422 31.200921403963235 -14.898482259137651 -13.012381817268546 13.742831234234897 -6.2631633531990705 -3.8207520395315155 3.8283491853908296
15.914159251863312 -21.840348700247123 -22.972267133073835 38.28247468274249 -22.23162967686671 -17.1520869805034 28.194715528878792 -16.022655578922695 -7.394413713495128 8.411209332959292 -7.860715859615776 2.838719120722055 -1.3725878232840845
14.507193302968743 -6.696186384235757 -37.617353175549106 46.89440310240975 -23.278574828340034 -17.351029126802427 28.46614961576859 -16.40396197306621 -6.591073798450168 12.978850088541499 -14.577105711819405 7.077384203369005 0.3926409256055679
13.66631218764617 -25.13738887779179 -34.022762181727686 44.000145969932476 -15.273740191432147 -24.278743937602577 30.77864563380329 -26.05547527556521 -9.354666461913133 10.028654514169205 -22.947412690753836 6.038280470501062 5.0366066632040445
12.044842737259925 -22.683076436610605 -29.491527419138546 36.31699026325849 -21.579831506543222 -21.34204501490292 31.011035918872693 -16.671768733950998 0.21642093108037502 7.054222030016548 -15.651921055649856 12.534791469546496 0.6696854609699863
12.165647751260808 -17.19273319229644 -29.61780751093544 37.314645872861135 -25.331134359022542 -20.700620634312124 35.72595116173344 -27.043499054529107 -2.0091386448214563 12.991444485707895 -17.635701682739878 6.37638320097656 0.8405987844021559
11.741618518497821 -20.436485471372134 -27.076229730848286 39.34298745953335 -25.07540603081688 -22.95746639396543 44.031578761470804 -24.424684110709403 -1.497746425850697 12.29253965458372 -15.854051306097931 19.655846946082686 2.7923148752428206
11.920169031840224 -26.97346974927227 -29.223678111779456 41.745659531161124 -19.983718271084715 -15.979969996716692 48.579111469813746 -41.465493824908066 -13.575630303490472 8.39863026777281 -29.304065864561263 9.656824220602893 5.70568895910404
11.570470588475079 -19.20638679921046 -27.03208354414551 38.71119812271387 -25.057746427900316 -17.034553220459262 39.582181467706434 -32.900013973460446 1.519436911628298 20.14038837144796 -12.954457986353331 8.160363312136319 0.6600968456856717
11.414175863654522 -21.45958587474231 -22.57057467673379 35.56089771489619 -25.098316863547968 -14.423237612600468 30.91729594899027 -29.461056641781706 1.7326124731386927 13.938365008914836 -12.056981182432148 6.800668039811322 -1.796077573733875
10.618175553401107 -23.038734773522698 -21.32890724184958 32.329702172318036 -28.237220999341954 -22.093888592192325 37.96615801258008 -29.116430730537147 -9.182874141716587 6.2745407765485695 -23.785423794772274 2.2863864460783576 1.226526661658296
10.288922871550778 -23.17696653722768 -22.34044100411971 25.847393958839838 -23.464982291461926 -15.770760197969167 30.617399657341856 -33.72835536527133 -12.263653234192274 7.939479279272712 -25.665601576044207 4.686158348935207 2.0300964541910487
9.452511830133115 -27.85874410514332 -26.045665907978037 27.690329919320998 -13.712472193911184 -9.482472227957558 43.602433272084824 -24.95800909238946 -0.6800264588826676 5.89406648159335 -26.910952115580304 2.1955856168144745 -3.7671271146518563
9.631653260226294 -26.33773366719492 -22.51217030512788 29.28292912365976 -16.482806991386227 -10.879065708632673 27.352634883253806 -25.435871370703982 -1.7571606841206164 4.67576705510578 -23.077845731882263 10.059360110785455 -0.36766072386984266
9.774314310656175 -27.200885595043705 -20.917323671848376 27.31161412450365 -20.357338712106426 -10.12771140920808 26.59162067477621 -21.609816000522628 6.213380727009397 10.534589836307175 -17.802460449928258 5.06963560950264 5.721344588364385
9.706973641692413 -27.794028627806735 -24.541684344236803 27.99390349758339 -14.24116313819049 -8.63743317250677 37.5854989440595 -26.975171839076346 3.2944885794060115 11.392802312260757 -22.113547017419087 10.748873991064608 0.9125370606236426
10.098254791676132 -24.942631755792323 -22.28956448784206 31.860158926076622 -16.55468480181831 -9.48627323164207 44.516650246239784 -29.454441220165833 -5.4115212109415065 11.805752843668456 -27.224673208559462 0.03017979356909334 -0.5241383968407501
9.379115687312618 -25.754744283734556 -25.276400809967676 24.44962590558919 -13.526577210844218 -6.628061701802837 34.35745093402735 -29.997023054377426 5.213465642100055 13.199260081730696 -26.61264593446317 10.243119467114061 3.695587212407042
8.61005510677913 -26.439323293658173 -23.049294549407136 17.16181826165985 -13.050452721137802 -7.774720573938507 24.98538410542858 -20.515294086418688 0.4102590911071188 3.287145225842366 -17.580197076937228 14.158894470586873 6.747069280561667
7.857166416707103 -25.5314416373057 -25.63000286290778 12.035576398537778 -14.162823848584608 -20.334391091922733 16.429382048850172 -22.089604209216525 -8.323723175130107 15.699292859560945 -5.629986848921807 7.7497780156914375 6.180068244953422
7.545004226398241 -22.606317101149163 -21.374448899394952 13.237866874294603 -5.8848003410168905 -7.782123905987269 30.842760736141244 -16.759638883889966 -2.9123976378072722 8.755818359006751 -20.992204201131656 -0.20873143592237087 -7.1062313384710345
6.795909183595357 -20.575692215052843 -17.99332408870244 7.6127487819027015 -4.3039637080793405 -7.010990718635318 26.920820175108204 -10.184612654269998 -7.010236625835964 7.6775650641963 -9.070162300183137 -1.9278030913455904 6.430916305943394
7.098893847853472 -21.960043246271127 -19.035395888096193 10.19574922317361 -5.34163955561087 -13.625016566258164 20.9066456911546 -21.911939675015702 -10.401764898364368 -0.31330255316465055 -25.23319477471791 0.37960453634679836 0.14651676075547004
6.6945414755625166 -20.865031151662233 -13.621867568282713 10.228719342204556 -3.5613350927224645 -6.4238803536899125 27.16768886243385 -5.106250548151305 -0.5416466321738139 8.771208789882847 -8.580340490167982 9.182039846760828 11.157756116866459
6.546385366621542 -24.54694660568377 -18.8789456573503 6.202166604346782 -1.7162326961685712 -12.311794748272272 18.463770026560464 -5.620374763434639 -4.129010834146494 4.551314390956687 -6.322721477861978 13.502166089114827 14.137688959370612
6.700123541338267 -22.93364356897316 -19.291878561009952 5.0749645317818155 -6.36989325027328 -21.495062608703297 10.189328732324027 -21.263289210213966 -8.6126824838035 10.239647865220881 -10.679230741911729 11.032548447712939 18.46479769919177
6.190904482121537 -23.641379742981233 -16.202937994197303 6.368890979924956 4.006097060614733 -6.6536562951413565 20.554014542126023 0.25358142689238816 4.2449417573286485 5.7258770635784755 -15.3437330761108 1.64121100803374 11.840719845755375
6.062830055180965 -22.30273357258913 -13.71709062412964 4.858408415970276 1.4920866939569524 -7.799449828869711 20.09230840437056 -3.5436867385680424 4.992432026980104 15.069022432092625 -10.036311444239548 0.19577609558692027 3.737780919066668
5.6657307631624825 -23.898625500635628 -13.357220832356012 2.9570266687948252 9.273183673556483 -5.475625917791103 18.113222300339714 -8.528138142738813 -15.504109278405616 -1.0096604353483671 -14.776114177587829 -9.38237667152384 -2.4443190507187764
5.516951943479846 -25.3865560295541 -16.456859103176104 -1.5651326534373904 2.441691256451234 -8.28618106383968 11.730482534934069 -8.905296333313148 -11.795431703510715 -4.207987196508663 -7.741786995351323 -7.471494256684981 4.962318586799735
5.511162435692691 -25.966099018487554 -12.55756677164334 2.5448267546594963 2.6429738548359243 -6.042296510472965 14.700015020289737 -8.918271039218716 -9.14594785078309 10.148752100775578 1.2804583154932756 10.177353686972694 4.736080159495339
5.316589109288007 -25.90841150216492 -10.226145660638613 1.7662628920527113 -1.685369728284345 -5.711577368876219 16.260234481798438 -7.787041448970062 -4.066234683625095 4.192794751593854 -5.821667791536631 -1.1794295583206567 4.690908154553297
5.280890715126537 -28.895663664657278 -13.992151929353074 -2.1018279245127522 2.590711511745699 -5.845964443245555 7.814171575013101 -12.590913482809727 -19.680326782782235 -11.474947072454862 -16.263155767701782 -6.7753262739899895 8.04408399343185
5.409175971420278 -30.638985820581812 -17.309943660257826 -8.076776317257323 -0.9968638645413592 -12.191739039581936 4.265516353054584 -10.812140641604351 -10.75537921540251 -4.715022265022436 -15.134811573306015 -6.534682491119043 4.394457569475547
5.081555916000028 -25.29778867167979 -9.99976110411706 0.6255319212690169 4.244070678748414 -1.1964965183574436 10.841987314717613 -2.438534979899163 -6.996498582079284 4.16709252882834 -6.33695965903937 -4.699627210600404 5.677121676136081
5.358401975856018 -26.7145534870041 -10.47236806671022 0.7535441106486956 2.2736252642598505 -9.727905403368514 5.85956000393402 -8.125229506471028 -9.700754153363444 0.6149329435871526 -5.103708321843287 2.6536545300464374 3.279143812360812
5.258921040866403 -29.32040969979041 -12.744208771829118 -3.756845668553763 3.08943122810214 -3.070734657591674 14.129536082886439 0.11556661474859987 -5.739359820543509 4.62537509492448 -6.192908628352191 -10.142007722877466 1.4676341291749067
5.203091335449204 -26.123917654960355 -6.597093029538825 2.3197304867091755 5.255824919492149 -4.372403551347165 17.20955534103085 -1.5628076421226673 1.381089768887567 4.179141778139957 -4.505821343765652 -5.280979886874448 -1.3072955719408947
5.182183860782148 -25.945353045808606 -8.774596413535695 1.5095247957201747 0.8357956078293997 -9.517647135697448 7.29766310396965 -0.2760844131368892 6.512536890858591 7.329839504911855 4.171557398358235 8.44480962620926 4.2336272942359745
5.17054739080026 -27.194726709776685 -10.10638031194785 1.521888559172231 6.362877859229364 -4.445565460799375 5.977063692655077 -7.729087070551726 -5.9070391441076024 1.419253107069317 -5.721710967471512 -2.2016344756894353 6.567465232147759
5.211849389830074 -31.77123471204523 -14.992426555412397 -6.438069669893632 -1.7165382150327944 -10.296383239698944 1.123264380904742 -8.28406359046094 2.6599152381324465 16.001569776885244 4.473501609756638 4.974024923179238 8.019846876573725
5.199568441087819 -30.479025660476598 -11.457885436978666 0.2513489580804213 9.867776491574222 3.0390229441130066 18.522358855379938 7.444251649488611 -12.578484427882325 -11.251068976139429 -18.993676984609326 -13.969117737767043 -2.609991721963441
5.2239028725114265 -29.726442150191133 -11.016815440682954 -5.9660805357017805 -3.339976725485829 -9.657706767834684 12.229929686974613 1.3291076803614998 -11.951035071578271 -1.8830654655835612 -7.369060895281268 -12.688402902938304 -10.79818103561844
5.209158917782645 -28.153404494628067 -11.588033947620204 -1.7400099470132555 1.5836019966001251 -8.776190779363324 4.258187436886001 -8.088964711175342 -7.618563947903731 -7.7852844675156545 -12.497403467652996 -5.16979882026042 -4.297650939884903
5.170251587218561 -28.116474052815118 -10.673681830403675 -1.9483330504703575 3.462437010237621 -9.077564884505179 10.718803087220767 4.042369929519897 5.318857642012313 10.18273503791052 2.545181605908025 2.644283958463734 1.3108257222195892
5.178143428207439 -27.61368629171906 -7.481984946551996 -1.1442488295682507 0.5896966277738757 -8.658790203984257 4.41474894613499 -8.564008233896084 -2.090289826023299 10.51605387281835 1.6269295932566368 -0.8017340562802842 -0.5684355166703351
5.1356971187283955 -24.48776438447226 -4.066298597020149 -0.4238422979920576 4.708936073312256 -0.323739893982513 16.339609858645257 5.1511927566612306 -3.5353099467629323 7.485663181604953 -2.529315212472117 0.49736843917774104 7.20434426877971
5.131000106365896 -26.532741972251063 -3.7502475610179746 -0.8379044969346675 6.448411794924708 0.8587536312796007 13.084793343379829 0.2926753954869502 1.6792717388691343 13.713234269795844 3.555048578605253 8.178544195747508 5.817875888912798
5.191441382401175 -25.55430725234274 -5.164493556758604 5.565549546695431 6.691032705890041 -2.953131496474471 10.31299669188651 -2.2419888882381893 -2.2407390953271653 3.9945002709487514 -6.002305996812882 3.3413717008260235 7.196449188974467
5.397526881850904 -27.706160103283885 -5.778646734719219 9.111573025743946 7.105083483577273 -5.165384816291063 14.275581577728335 6.04609772914344 2.003681624830927 2.859487085301151 3.37562969593727 14.627917430405466 17.093138823210218
6.0441479398755735 -16.484887196681232 -11.570613125026481 4.410982029758173 1.3983873636232993 -2.3857890777918356 19.620613313097177 -9.465726539471097 -5.858001592994692 12.09148424702385 -7.0740672833929406 -1.197035541237657 7.1402678872210705
8.963212074101904 -15.134885475819305 -36.26293509998992 9.889160559808333 -0.0019683543765745483 -6.1073991325583705 29.748032434536857 -15.52191317254993 -5.678649606586538 10.84141735441237 -17.218757512628358 2.628439585348106 6.1751944741222005
10.957585606253986 -9.040811847014083 -46.34010631791514 18.28014359667537 1.0056428950793614 -5.332296962318776 33.54600398627469 -28.11623573457889 10.690880500466758 21.92834792110734 -17.46619703414226 6.461584236713215 0.7251391486803894
13.870360249248566 -14.281320313656183 -65.51699034441812 6.410076253316971 0.14387259607644076 21.706538558217776 27.52993029071809 -34.43521631434441 -2.9634263521075543 12.127062571585455 -8.718349444539232 14.296120732428527 12.600005804659151
13.781761367486396 -13.37828239259363 -61.81107121171335 5.931206332481327 -3.7218479936566258 6.919343121465656 28.71526718109073 -35.9561942320864 -0.08038436816044851 7.186190217036857 -19.473927570779534 9.199010715691823 -2.545300332950305
14.176548971414384 -4.61326336227412 -51.06587920162254 15.834665089659351 -3.1347924605833866 11.563909242201525 22.392444918814547 -36.217462718553755 0.5361867338100935 14.328249324048109 -16.472756709145557 4.5694253303274515 3.904372379254101
14.804896160156591 -6.209792211113431 -63.20201142547589 13.371583347418342 1.7884610904935854 16.78538586504749 25.772486567857726 -39.808051889047725 5.900791590908455 11.472306117705925 -19.40544139788648 11.887789698812526 0.9632777249863196
14.568108651207703 1.2324031215827391 -46.98694957566432 11.136315924968823 0.5910562176943773 5.125965538330997 19.053405863492447 -28.90352315837539 0.642836010304848 9.058452545810928 -20.188296607259396 13.166848894761927 7.0867882545361
13.068264552408229 -15.834858780601843 -70.1911464060232 8.22345846605575 -3.6834452793953236 9.777623149659016 38.726400409412 -27.902080038178305 -1.8825581967444973 2.344647209679607 -12.588899153036813 27.023530385217505 13.826486043275807
11.130932456536756 -12.22642535016566 -52.20706217006303 12.271876904596857 -0.7096833961334705 5.310486454904864 31.443735294724096 -27.19734981444629 5.708299435073585 -4.13680193919321 -22.255794512491388 19.759849735764654 14.751272351939122
9.738705981232512 -17.700317451573316 -46.684639336562945 6.89497265515922 -0.6128504731320974 0.6785414118287113 23.816812673209693 -31.22992280889247 -7.782182683918451 7.184281733813398 -9.314302901920726 19.415023842356785 11.949129034402935
8.799284601712523 -19.718345265477197 -39.83931534064516 5.5509156628265774 3.198510372831119 -2.8918856626855174 19.17448013060024 -34.43253390713187 -9.974565864364605 1.3684458370333024 -29.02446810638358 4.168372791067203 10.604624728818148
7.287022200233241 -20.32643133561511 -33.12131691049687 -0.8594523781656968 11.134822520901846 6.625669513558669 21.77884901590589 -23.727265641072968 -7.545874626496126 4.995869019884692 -11.175069061683 16.147602041673558 14.776288677325569
6.463782699147291 -21.261610021755445 -22.666973208063883 0.6215389873195488 11.049356184989001 4.232925497415705 14.862837949407 -24.82421451176009 -0.4472327203829458 16.702042280116988 -7.387561505819517 3.6107343435584136 10.450195993426453
5.972218078876675 -24.716874064647644 -22.20029305116356 -5.3483886806170595 10.358291232026307 -0.7035081381132987 5.092563423075777 -23.84712811931008 -9.173364688531384 5.71416715390419 -12.51359474825598 3.928939693760184 16.557268661832442
5.610727306065923 -25.599275961937337 -16.64296490117466 -4.01607254685834 10.89734927353121 0.24983418809908794 5.932647757551585 -10.667205281163787 1.1581210236939554 13.396404539116029 -5.481435864171976 -0.14188939030006642 14.775877237283927
5.4029480606774705 -28.642736420624182 -16.838782475992367 -9.510679969012875 1.3443852080183798 -4.047488686755061 -3.991329101196323 -22.302199191136193 -6.90146013950522 -3.369412690567179 -17.098774639244567 -2.1499861938746587 5.683277888743322
5.271825931430847 -25.934936197833178 -7.651781613987846 -2.2766773685308355 6.9005133107894014 -2.0946601016282504 -0.06950324020266713 -11.205522914822732 -0.8273587379326591 5.872486192285976 -14.139511227418636 -6.804542354629151 7.863992574979968
5.218812473617497 -28.305958268766084 -12.050937012085976 -8.065058894028821 3.427575777099633 -2.676798421533286 9.463152678553298 -4.77444279331191 1.0514038021733534 4.862922472750987 -4.769668461305987 -5.036891820148302 2.195576320855341
4.936598592439591 -26.908591470848034 -6.529323494882031 -2.2708512285574254 7.154287965890474 -0.14647157078830683 1.3318860856201442 -9.438461148296367 -7.923883382029801 -0.5100224696797417 -10.256962243568884 -2.409935718597324 0.058063726483502075
5.035945872464568 -32.51996042248289 -11.419058862329095 -12.041413877291662 -5.796575606681158 -13.374144273660407 -5.229158101063988 -17.949813143930335 -23.411765730942857 -6.376513796338668 -8.694828262227986 -6.704693499313331 -4.873724823225655
4.909199066313053 -34.39156387521226 -16.716247339008937 -11.871896115906424 -8.092373061297895 -13.255222655037368 -7.252893560061632 -16.988182275423462 -8.182808522178133 5.657080964443661 -3.514389459539839 -1.3806875636474567 7.712460622324166
5.236958614789478 -26.333171494254582 -12.568222779646621 -8.241180258494483 -1.03935241861731 -5.759873300792009 2.0280340072512657 -17.46163370543855 -13.255989591648191 1.4712608573995545 -14.600866992106779 -12.337540540670972 -4.268288513667559
5.847040762021752 -26.81398533870253 -22.571813242404385 -6.293336954136585 6.522327823242615 -2.1663339302681752 12.803190301607302 -26.423879165201548 -23.546875546316976 5.922014967362176 -4.472557193836474 -8.521766340789465 4.5665244490343415
6.191810381969508 -23.666917381682563 -22.653777394099276 -8.585245296289996 4.843608233939007 2.3999437053305877 24.636761568322758 -20.465074953679974 -24.606558823678473 16.37050262531648 11.079086622354678 -4.152473809498886 -2.099205837711552
5.450736136212006 -25.504311502397584 -16.539721855728075 -6.587780854192638 8.513796437059082 9.497954087907459 10.679609803035932 -20.782992776555318 -15.953065877768921 14.630654528345875 7.687614604725716 -4.496813339824346 0.3716742306706315
5.094945571428882 -29.686088885174012 -11.321217157451992 -3.2523624745685 2.3344296689891753 2.5886566909357778 16.447418988205346 -1.4640003920996874 -14.096072556649144 3.2257988854597555 1.6462542192866036 -6.003443586098589 -5.833010401369694
5.1646081456129975 -27.78649682575428 -14.708116308261928 -8.67263201367756 1.2143272774074954 -5.194861882607695 5.9456222658585025 -13.645934941839691 -17.252539044042024 2.3188340555930482 3.0215922342997197 -0.977232877652555 0.2723680035772672
4.985363800477473 -26.763574721633912 -7.306262110736278 -0.8046793107527348 7.113632822003523 -2.5988736577242806 5.796635769356476 -8.39183388922836 -9.542504697342682 9.206826243511541 10.803376578312363 12.863137049941177 10.82874688623981
5.09544424057093 -28.039150987529197 -7.606297466057789 -3.61611756013335 4.760282108742017 3.6692458448806256 14.817624170168418 -12.318587842558124 -15.568940793703892 4.212312637812057 2.821856075238349 -7.365786135444619 -1.5311962939292225
5.050824024397044 -27.14626469193159 -5.608262825512809 -1.8829636981963043 4.516791358597326 -2.95876464434593 1.2979110323917618 -12.532487812670533 -6.211782947960268 10.981091075434867 0.21729184048720115 -2.5210688485835098 -2.9422425133333574
5.084808750061967 -29.02524826930409 -10.504705974242428 -9.349844633851076 -0.7088674218865757 0.971284868881305 10.08174529530259 -19.5324126369774 -14.195952046555828 6.783886875460469 -5.106722922280146 -2.1801408260372086 1.8738039486773714
5.152923062228522 -27.309699729008805 -13.155199207373704 -10.243157626839826 5.516715871116523 5.9656980905688854 9.773679329280526 -17.096992961084215 -13.244760139359116 13.412215095919308 2.815434855592186 -12.151388520873468 -4.12444018723092
5.29134079477502 -26.932586517500745 -11.758260148210292 -7.888368434851151 10.15224926353817 12.922156759332625 16.826824983098145 -23.433126182669294 -18.01596078659638 19.229497140949572 3.347058612274689 -15.11993138311577 -0.44169074514291967
5.424765918074693 -25.049486696976324 -14.733166638646935 -5.277783196668053 16.1954232100562 28.72601667206332 31.91406656993241 -7.62613576921625 -10.56344725669261 15.404253365953606 -3.367700312566667 -16.904531020684185 -8.368448771266982
5.513231360254213 -25.040953286716597 -13.270964215531942 -6.8651523917693105 4.080607805009309 8.956749675790716 14.519606616575745 -23.161541010966445 -16.305465857337367 13.60239049550255 6.849148425763027 -4.98532430450122 -1.2769142273121223
5.317870660718259 -25.464786264033737 -13.068519564730527 -11.696339384286123 10.761667357108463 15.347420972065581 9.315193535670922 -29.434810080529612 -19.55829638375124 11.955784344731743 2.0791078661823277 -9.58975690708823 -5.9680472481360445
5.2249485100031805 -25.752493584654587 -8.8629648847746 -5.9269894718833145 6.903503467483396 7.789060791625288 3.9703895985097986 -29.046230881343373 -17.130021737281567 11.679331031970419 -1.0863789405931028 -8.353023550467249 -11.696341697703955
5.107722863577758 -26.887260388826537 -8.736586784446251 -11.577311480380807 5.316175412359767 11.405104262069724 11.64963233258557 -10.099718904613841 -7.070908268718868 8.605670253287693 -0.891274278796042 -6.035322334808352 -4.565110754410735
5.022255811764145 -29.253838557674797 -9.58577262575589 -9.33744717756757 7.945264155876612 3.621618990925066 3.5005735916341325 -12.589570385709221 -9.496865815155395 9.445791733076462 4.109933416566465 0.9617510738180475 2.0400999463900584
4.872813093034041 -29.12125384152009 -7.72274205868144 -7.656181320711243 0.6569004951462268 6.519980561515974 9.77769928637204 -11.925213783564454 -6.095363556013541 11.882838826962015 4.343179099323435 -1.4730173899156072 -1.3498371969056042
4.974477034445814 -25.61373098362553 -6.092754900451221 -5.6399669741911485 4.680074498980322 4.511118410513488 5.32201409831956 -10.040715285390483 -10.828643923861407 1.5516954489761576 -3.310116578554029 3.6093689573202234 7.237772966147783
4.966588205729887 -24.793086208167974 -4.321134223835827 -10.570398205444492 3.968146186370635 5.870126176279743 15.510045790196251 0.29269750930542776 -1.2594058996073223 10.904434907030662 -1.2068759724402434 -8.936189192255714 -3.2721349278384073
5.028283351410933 -29.45750875430507 -7.5216830078249775 -10.134605106139382 1.2234871324623096 -3.0077785634969034 1.8214314413334358 -14.945080239403016 -12.67003569526492 4.632986094591788 1.386856859484925 7.155167945873984 6.141033906985613
4.98158482995973 -30.882640868114933 -5.001470155117331 -4.001531475022227 -6.406518890081912 -7.2895526473454435 6.312728761954946 -2.2465312889962186 -4.369067326053055 -6.852519935034729 -12.049942158311739 -11.47705250005284 -1.2794326009269514
4.965171128593475 -28.521619697815865 -1.9814016612348138 -5.109324263898914 2.3944318126685054 0.36618916842341537 5.192171496207355 -0.9559993425002812 1.4096823621857555 5.115894113970625 -5.781696545110027 -1.95987010032418 2.028505777840931
4.852556401119928 -30.239387145997966 -4.594828420814428 -9.172452982329457 -4.160502016630548 -6.397098127063927 5.545078387928909 -6.550317323894936 -10.886494191279562 -2.564394514134358 -2.8814559265692954 -2.319978302096473 1.200959964607992
4.916271277866096 -28.198232912362077 -1.0439754385376054 -6.129974414352446 -2.611650509580025 -5.397375844699049 2.457964908417717 -4.169553047138487 -0.5784478355738559 2.1560397838005474 -10.54112604652289 -4.583527472814779 -0.1853767460842226
4.995887795890208 -31.066661592166646 -2.6629771458136062 -7.648177652655477 -0.22202461063409268 -0.8701984609075173 6.646986822871139 2.161898204492636 -0.28543991811608427 0.6465526642316322 -1.887941865569698 0.24665406525061995 6.456999792540997
4.788530046331743 -29.31995101240469 -0.8543199970771876 -9.069056531882135 -8.504753569224375 -5.648546528592507 1.2258435597123478 -11.913836156162876 -6.903226722125562 -3.2387675152646493 -4.411781886738162 3.076014951051735 6.88547256202136
4.897637179144851 -31.864694140288577 -1.3486875108041634 -8.56379277427655 -4.034136451720648 -4.802917617915162 -0.31586762286164743 -12.643242062826545 -0.6723131965560148 -0.05993765409341282 -7.864014099105382 -0.21632612882308874 3.748870106301959
4.937963936752714 -31.609174367423474 0.19358134421064524 -6.629397901912544 -0.2106738328646583 2.3283034018432684 5.767904610570526 -4.409007950419239 3.9020684338688647 3.07872162550914 1.516310541270237 7.232969642086634 9.522178758926668
4.880368240334525 -32.758335232804455 -1.2953804626247676 -8.76544281280177 -0.3678494195353007 0.8173351120742869 3.69693794321975 -2.7591276357237513 8.763266337315644 11.684960862034597 2.499498021503493 7.270036592879153 6.2432188946039435
4.850091705525865 -32.90281334813693 -0.6980406100177761 -5.308953536546803 -0.08609039082241303 -3.732100444305841 1.599148675164004 -0.5355709301400461 1.376070446068863 1.9790770514092757 0.24105168525102583 5.073034960290476 8.036755835761962
4.828541081770089 -32.46126486822362 -1.5873142141738812 -2.459742136750889 1.9296224145819783 0.050536749146423476 7.460994388978541 0.7107496874508321 -6.482855016211117 -12.649393949657208 -14.862726921764299 -12.847380584315257 -7.101259310459467
4.863570031004631 -34.30380222838987 -3.731614708587554 -8.58166618941855 -1.1095975563286224 -1.8458507249138412 2.9926046295981847 -6.903903722319971 -5.73319901359328 -8.099914268167058 -6.464803805284983 8.249713866125076 6.518357478516055
4.671099655202266 -30.196478178317108 -0.22051221186677522 -5.407840781271489 -0.20985264742264612 -3.0521088902439533 -1.8579706147503219 2.0757586522100184 3.3590187799715534 2.4239999771208747 -5.658509034814562 -0.6793621615282814 5.642100691809652
4.938574570051556 -30.890382281403046 2.984876665142415 -4.669862904009913 -0.7505882082986487 -3.40053273598264 4.930473051220698 7.912171177943844 2.605519490825891 -4.407746275890738 -9.6380563752213 -2.5440662353322896 12.348716163245932
4.680758028135153 -33.48507495887281 -0.9223092560981048 -5.578370761658993 -1.921786876524837 -8.101686184987964 -1.38022047613261 1.761576999616995 6.27181450875482 10.649290710496242 9.161138408544355 4.620489111123508 1.007354629689006
4.816819660893138 -31.552034290213328 2.7019301637599797 -8.81099857634024 -5.540659225078345 -10.203255384004771 -5.6639106303755336 -10.71647465068459 -5.626022253028524 -2.6631202208073828 -1.4553948044060854 5.073355947254702 2.063094371335071
4.7073234484739235 -34.453731884455074 -1.6251686589790333 -7.762914516687855 -6.574921507585462 -4.11299883332837 6.715893895479412 5.419269784646887 2.0177509187773395 0.12146004315287151 -4.4365190329685795 -2.644741668834593 1.6672247342560005
4.93087867678837 -33.78037174598347 -0.09707744403729629 -7.094358075629381 0.7069068958283565 -0.7679712654465831 7.004239406230025 0.500838238157139 1.7511408255151752 3.9580860851160113 1.7961405753694095 5.357156446766544 7.178652729052804
4.839220110073502 -38.9258912370593 -9.077002883789886 -17.469675675499758 -10.837768634960698 -9.872632867526596 -1.000136714185922 -3.0335451428701163 -5.187247347269948 -2.025085770359259 3.623005373581181 12.33752849048593 21.42928105535466
4.849296637471461 -35.61913064867855 -0.6612548423263126 -7.388431645761896 0.5021789129914164 4.661163804341308 11.320289834336299 7.172672691043592 7.923231467300949 -2.9709799421873457 -5.475487852030555 -0.30046007157192633 -0.015991373035190628
4.848663887780793 -38.05911705138136 -2.652497132194511 -7.059447085115592 0.9737093432202185 -3.2497759654464082 3.67177464679379 0.5658981986928328 -1.702876733649456 -6.432107278122828 -14.343987729744523 -4.833118744447042 4.205211072770654
4.810898623812951 -32.856789931046926 2.9493483957354676 -2.497506831697114 4.341535357547882 -0.6894245415628286 -4.0256224095382125 -4.013366612458022 6.060262584055003 2.9686831455819838 -6.350621587011767 2.5622945277650087 1.9017042664819743
4.806487584402178 -35.64222677766393 -1.0055792816384281 -12.615903258202403 -8.099450092060179 -2.5847994247619557 4.136505887352988 3.141120439776228 6.342083588919747 7.110279702630184 -2.9755605044533704 -2.662562649182211 -0.6332295964205942
4.712608210293677 -40.805837072052626 -8.170545673278642 -16.481255304292958 -11.755632642687845 -10.518751091143024 -1.5274309777113184 -4.152144389804803 -3.2056456533798197 -5.111555805507933 -7.768670246985172 -6.748284471646831 -4.370427212382686
4.760194688719994 -40.803520243590455 -7.34124858862954 -14.290016747935969 -3.8601640614585624 -2.6560505859492367 -3.6889727433303228 -7.363670248198102 -0.4764243304928174 -1.4387048435077068 -1.401082361994398 4.470335118895598 11.19112416334771
4.759209356808273 -36.58559860902087 -0.2154510195445261 -7.995408225212413 -7.569673123557083 -10.34586671802192 -1.2300369952988466 0.9795206567110843 5.364382827487051 -0.9895959034520208 -2.4322108371189444 -5.3700493252912915 0.9070792357709409
4.8721980571144625 -35.21694227751395 1.602961676565476 -6.884437494859159 1.0794943209789056 4.483491224000141 6.689331238940739 4.974642902455667 3.035179327814132 4.009317407547548 4.049797058334377 0.43428169969335556 1.1765515908616289
4.938976647418431 -34.90565568458152 -0.31182172088011567 -6.069509936029328 -1.4403896531397142 -6.424061193607684 1.652480100990552 6.039868964622559 6.347552754451811 5.764088546534405 10.573370172162669 7.6712984284885195 12.121960287062121
4.849206762545565 -38.161782705799375 -5.057344195756464 -10.256866480062094 -7.628411851917675 -10.25933723307594 0.6370467344457791 2.0720410249282897 -1.2910472637221357 -2.8629205010358207 -3.9658955831394143 1.657966724391328 6.614713999607712
4.874717856235635 -32.85484033668195 -0.053756000852684324 -12.426283664944547 -1.9155374950001598 -5.460472545188867 4.208766770757399 1.7444963920237677 1.704142253593337 -4.5356848430574965 -1.1919941645845669 7.107230932888465 8.632948364983736
4.699777935196936 -36.35555601395217 -1.2506975557470683 -8.667895421597494 -2.816796258889603 -0.8152656300820083 7.585690872246083 10.479579994383469 5.967206671002429 -3.2606073864321092 -4.575477876621857 5.2078552211774625 4.024130410524312
4.703385341480531 -34.02561686096553 1.340584203502842 -4.4613444669984395 -0.843296777518337 2.273600546255856 6.761044178879887 1.3089462260161293 1.0830001112894263 -0.7340577602903384 -1.4441652146631636 10.444692884267228 9.682874590271112
4.878554201955953 -34.157874960094645 4.331774144353593 -2.8471203649699675 0.49579141870691235 -2.8545760926115564 4.063151152147168 -0.9977673161966951 -5.292010420772963 -3.212009034243657 1.8784079214700318 2.453530809422892 -3.2493898991398
4.802594377553046 -33.770966527095254 2.285902500333882 -6.39621101403892 0.6523389715236622 -1.671100592320946 5.454256598831545 3.114704568966109 0.31652256971015946 1.504864607267609 3.0106322030565185 -2.4932694016464954 -8.752638196325426
4.838449739345725 -36.00015448713711 -2.1851662375109417 -9.653650504985729 -3.7801294099453537 -5.735093504242361 3.6494809187354833 2.797047337939788 4.678635656589566 1.912372345515161 2.209754553810198 3.256420253493726 10.131949409470389
4.762424337472167 -32.4669931681419 2.6232251044909978 -3.5077626530916493 0.9981096127914683 -0.3667267104083428 8.435584779224428 3.388791321723992 4.333295129305531 3.010710921647467 -5.7839675079555155 -4.461462966023092 -4.452458586252634
4.817419491163735 -37.01384498621255 0.3242827424463588 -2.8897559341427503 2.667635201875038 -0.9030859417171586 2.3030919999415302 -3.2206317356329417 0.8400219948973864 4.225217031414063 -1.4598731693121645 -3.607680624403776 -7.084493816156436
4.904898117522186 -36.39969949722535 0.49415769121240044 -5.135419258600382 -2.281681679021633 -1.7119600652590572 4.688121176346178 1.9189670665478709 -3.359464552790879 -15.615841946719172 -12.845397122885094 -5.030824239979469 0.5945275225002075
4.776171138278702 -36.60043676904729 -1.8061366089793462 -12.402289978377286 -7.621271946563298 -9.572918272261294 -1.5615559006779927 0.509260994488817 2.4365670861623534 0.6310864204029771 -5.040872850709449 -7.2040906942900715 2.042718546147026
4.817599154686262 -35.65831857099527 3.3882536073713894 -2.2392009817675493 0.3462932281277779 -3.738827202474147 4.0671865342643345 5.270259630562133 4.9162871410079925 -5.849313988793653 -7.286874440853987 -4.803882962150176 -2.1231689520413473
4.8383166069980525 -34.863309991495946 4.943670160510107 -0.5584882362571828 5.335285391897125 -0.4232066924552933 6.159428009043417 1.7647124089798223 -8.95183228956389 -2.937299028243737 -7.341831618928967 -0.5850612940220031 1.755646398825042
4.933108641156926 -39.01956706308445 1.3480952546958922 -3.494521301671952 2.2204168632785524 1.4910246414179844 12.655086755882625 5.594927769513772 -0.4681698288209787 7.436091238537083 5.222067290500799 1.617851227284137 6.6754059746347565
4.759374066967108 -36.85027946627301 0.7591358709385969 2.1794244271488408 0.11725428672824516 -9.151413175199353 2.4680793365396463 -2.8145348791804348 -7.884474717558358 -4.7032305395520195 -8.032196178146865 -9.217273816648225 6.683243300169719
4.7993799154385774 -32.98007511054587 3.893405211568337 -3.087042323750822 -1.3853604140269649 -6.6027936234023805 5.182423751887517 4.208080049627933 -1.5052168190413837 -4.332916832601514 0.6912877390134443 4.2833653293683245 9.932765688770907
4.785158692932879 -33.65377373686091 0.6901575539879207 -6.922253203240254 -0.2166197065691521 -0.17965637270076065 1.6614120585858159 0.04423648349792935 2.7018827399959435 0.6634422651327759 -6.1698670702692775 5.172247289300447 12.189617776675615
4.914627347471775 -35.321554107552636 2.9949212887495413 -4.658419660059409 2.4384502190623127 2.2082249180743534 6.995374728860394 4.787557480257239 5.603350208998119 7.6295395297183815 3.7333185713371675 -1.0220171484353413 1.3771323339979833
4.806959308334479 -35.46734640236444 0.31258486230314786 -5.820883417670803 -1.0194665810021708 -1.1584851687241176 2.5181413318687067 0.269270413610081 0.2589687875615547 -0.03073964639855958 3.382620970495074 13.041418660945926 9.640092139519677
4.926670466261692 -36.56273306835947 0.11481319287656444 -5.549330627233189 -2.149487548677738 -2.4645201176137816 8.24756633331284 4.5282234302255135 -4.842518215298654 -3.962923755719859 4.7251656919886855 0.47489184261398165 -1.112290776871157
4.8074291026910245 -37.52934476804048 -2.8083670179132487 -6.136489848069879 0.19507851652979083 -10.108492475373819 -0.42346334852823747 -4.252362577045288 -4.977081591060487 -9.493936058691133 -13.593533111552588 -7.3988592405187035 -1.9064981736367093
4.729418831757978 -37.752025588299794 -2.427314328007417 -11.062025899784398 -10.657464072321524 -10.813140208153424 -8.243473950050152 -8.977800544981138 -12.587170643501725 -1.4987545739977688 0.9953367304960327 -2.3703896669084776 -5.436067442986638
5.000512323029123 -39.6053591855127 -1.1955330791605852 -12.028555700125336 -15.11364001013959 -14.621038296398176 -8.683006971688906 -11.879206323534174 -4.098027824864572 5.87431381383084 6.326876369018516 2.4219427535933695 4.5878694117075955
4.897591321379776 -40.308311378155615 1.2540921398483311 -1.0197695283458907 3.637434807129886 -1.3961789066324997 2.596866171978172 -0.9358799994703941 6.404410644010009 8.64062132085803 2.8006619344717167 -5.6389943910797005 -10.76459312588942
4.8511511941793275 -36.46707925262127 -0.5898558140304939 -8.890983006918384 -5.606445296653601 -9.247326784725356 -3.175835625846545 -4.645331223587255 0.41406721750093495 4.884623157912448 4.009577091516419 6.522217422921425 3.3934036960401546
4.783446771145819 -34.55218683084145 0.4800964704916258 -7.362791051599381 -4.598827000422491 -2.3058162118262238 8.009689991408708 -1.8178402660279573 -4.404474456472231 -6.415951766327011 7.558220697512096 7.282824338124172 0.1837496037784818
4.878485428866 -21.853102580413164 15.712937820912916 3.4249848711607784 1.207620942065586 -0.41347060189798135 5.855909647679198 -1.2014730864282608 -3.410380878840765 4.1590397530720296 -2.7633338802319605 -21.574542103875118 -17.455013115342737
4.996129366051761 -16.9810839646251 18.163700503800182 5.043630797354884 -4.20904677639481 -10.201059402549705 1.3066114157507889 0.9254703082686039 -0.36229170195903765 -3.0602929341218807 -5.406772739197111 -7.8374652676402405 2.898960030354871
5.007094559127569 -20.100080039921874 15.31550205904425 10.332820503453402 -0.24191230735635427 -7.097342585653263 11.954613869597326 6.44386669530773 4.501757864413127 5.1105461458153325 -2.8768599973024265 -6.189256554069889 -6.261635832103679
5.07438870364757 -34.51217203802632 -3.4246450235162333 2.889194913562782 -3.791801305732849 -9.662730286595194 14.351707643016336 9.817378121784538 12.434782927676427 17.321411806425395 12.13355279980213 9.76496460456589 5.315877184238791
5.943959686367252 -33.41923172846251 -14.428340655102772 14.412770108230841 5.651263738683687 -12.9863061618285 6.067412833482489 -12.907805039578314 1.554477829930306 7.315405445036676 -12.144891709679394 1.6619381869143022 -0.11772463633279862
9.082673339281266 -29.32056603144195 -23.648285098725076 26.04858111190532 -12.570435672056457 -12.619132702340137 14.843097170085171 -27.193246825106332 10.409662312493182 -8.755786275921027 -27.6595218881102 13.977228264511531 -4.753546752707128
9.961028138691582 -36.43137812918571 -28.702582548994002 29.479268230481065 -22.26283917271833 -24.158651105070618 9.536431229668834 -24.672119842212947 19.353240133105633 -8.950406553783944 -30.025628701895855 18.250062084191867 -9.421667120929303
8.052217510390054 -36.00506715490376 -13.5931569588382 23.772450407607295 -17.832064193262468 -13.424857795149991 18.726156937337997 -21.746659365141213 7.3059985845592506 -4.017350340486206 -16.548560577986656 21.08307577054655 -10.474505615923531
5.730112568251014 -33.04285740521743 -10.727341283533988 8.516846746351119 -8.0173987102954 -12.066271256776218 14.671440223159177 -7.981529125163492 -0.5220642223490702 -2.6536845261347004 -17.126816869085353 8.685704404570377 -2.036350754114677
5.289687660366186 -35.7899262984712 -6.483966376284229 4.302911442125994 -4.277230083112786 -8.080279729790702 11.616524715823262 -5.063054724612363 -1.7358618496151645 1.622071541103278 -3.7518516872378807 1.8896626931672766 -9.057596982854033
5.124017716798665 -37.64949562382307 -6.691052244848673 3.417290430819664 4.2568424148141775 1.845640096598111 17.925608842842582 2.7337523363438088 2.4208565044410535 0.203137732628668 -11.168878123433906 -4.703161368107101 -3.381385323796191
5.008995158141653 -35.44506377269159 -0.12706195326977995 4.890358171775987 -0.29914268110711784 -6.850194944863107 8.213537264942058 -0.02126466642975677 -3.9565436765139377 -5.125496561970807 -0.2739320863192899 3.8042797527829117 7.97073473410509
4.854885371535025 -35.18652625405835 -3.0842702045466543 -0.7643199660844493 0.7696598297787256 -5.56008918841512 -2.913400956598784 -5.613636842899624 3.0078986618659465 -2.2419207758067956 -5.2745188177090006 -1.0207563623517641 -4.155697016939618
4.833625517287141 -36.72180061272361 -4.187456823925687 -2.220284752899522 3.880295269736205 0.8157148821968074 8.040549741308165 -3.9745175382636657 -0.9408668405186335 3.195601420835812 1.6277219999775312 5.881008496280039 9.231688448960082
4.862081448771781 -34.285417628062596 -0.9353331488340715 1.8545697598481277 9.139063185651498 7.451853668954075 8.764611283486477 0.11762157330981843 -5.974389041577057 -8.827690306489094 -2.7443362901254487 5.393031222860533 6.297063712003806
5.002314755997608 -41.26675666184821 -6.7464190610364705 -7.891408249085008 -9.759021356985555 -19.48502941331234 -6.023461663183449 -13.991463897705216 -18.323621589001554 -4.876819863439692 0.05008338193786797 -0.07437401595026927 6.304811623271067
4.825928410295488 -41.11817102806614 -5.862399544084795 -2.650911425676439 4.591900384916692 -1.7585185498347071 8.219724361225076 2.278231327441823 -5.846932767488272 -12.272913439580119 -19.26367022717754 -16.868966259317467 -4.814446848131374
4.741701741344903 -38.963146027140716 -8.946209267190307 -7.83368377005314 -2.7639341185813473 -7.606105119460079 -0.9059662386911067 -6.977551463571321 -4.831527245555212 -13.424977363916666 -9.161396209480515 -12.163811356092245 -3.664776414418608
4.7834943007556285 -39.29317386559623 -6.8853077565449645 -6.228933189776647 -1.682085685042596 -2.944138485728138 9.31945497902778 -1.1232723752330602 -8.448572562339258 -2.58855695904606 -11.990493360790053 -11.586789530540393 1.3536463676068509
4.875401739329652 -39.83090335718109 -6.6843975591620755 -8.214924411910385 0.2670825500796208 0.18121313740556455 5.911604653233268 0.0342365900258718 0.17998524337505403 3.8681791653684194 2.2898961050778674 -2.548700060989685 5.760584318068541
4.823345924377902 -36.62066322629088 -2.763314565377323 -3.789647619151033 -1.5582983539212678 -0.8873475756461562 5.292303733172606 0.3593585281081977 2.2051494355310464 2.456438305192752 3.6706268402990303 6.809295673832783 4.275502236502052
4.896019510833937 -37.85070403116917 -5.242579367938618 -0.9279904207321532 4.4042895175083965 -0.4215506868634547 8.77377242353138 3.8017859037038035 -0.246332785897221 9.48839274827461 2.8487888534022017 0.16106829834374115 6.210281230495189
5.293967859618583 -37.84090528502044 -10.136851831446316 6.698317738283082 3.6552133423039748 -17.59591617057257 4.985121615496949 3.949253179410022 -4.444324160591024 -10.801716167316238 -21.836949231052472 -8.202928095071046 2.5094364017203143
4.887870430262121 -37.02201056844435 -8.042419794225383 0.19763891760555405 -0.107445367803679 -9.783634801767084 8.180150347870374 6.83367696217101 -2.65395452774022 -0.8897364708510441 -4.817691073966283 1.7115255047326512 8.602017076813219
4.971117988734687 -38.51886365291719 -3.83319627043661 -5.505875926815202 -3.34885762763144 -10.31558048198954 0.4714899222676896 -11.597732215565596 -20.406659423976194 -15.862417340761318 -3.7655350700874206 3.7598169105228663 -5.184453650833934
4.806546420141321 -39.60201807284668 -3.9898534036128166 -1.171589591719607 8.115971842408364 -2.103689458582814 0.15426980259759118 -0.9078445111923884 -2.219712529724415 3.929544790725615 8.905116032666529 7.601526792410337 7.810921966480255
4.70315501371353 -35.15499034410479 -0.7221245999794853 -0.6642750795417387 6.687741106753908 0.7461530585295455 9.350536433013309 4.766678645624714 -2.712474418847779 -3.6413320680630026 -0.7409807402562515 1.5700043845367213 -0.8623482550875722
4.8124827753351616 -37.26128101102256 -3.71653831232258 -3.7367184584003166 1.3302991423628665 -5.5044520637414385 -2.86185930986656 -6.748170969837349 -1.768371721522685 -9.676033252001428 -8.789672214563101 -6.579797201586165 -1.2951815851634583
4.916439644924984 -36.07819803029534 -1.3331248997223566 -5.060648977780124 4.558159731045498 -0.5080074538779176 5.3071528371839625 -3.361059551863816 -0.8700242584547861 2.165258260233121 -0.7363779303008403 -1.5284220721532633 2.721931125135732
4.841947309175244 -40.373679933352975 -5.616775865781459 -12.879933268293636 -8.928454471355556 -9.846816214622518 0.35802684363409365 -1.0080607834596675 -2.3353279658946913 -9.520586679674299 -9.55266534179124 -1.8016543934963951 5.023584426104467
4.943901421882428 -35.611545121754155 2.6893004203946917 0.011420625749697379 4.894728128816541 5.788010017239933 12.252877956774999 2.682205848536453 -5.198757126728037 -5.881780039372414 -0.48387874873729386 2.604649008314285 0.1979168505346872
